Proc 3
Proc 1
Proc 0
Proc 4
Proc 2
Proc 6
Proc 7
Proc 5
Proc 8
No attacks
79.8723554611206 seconds
img 0
Proc 1
Proc 8
Proc 7
Proc 5
Proc 6
Proc 3
Proc 0
Proc 4
Proc 2
No attacks
85.22943091392517 seconds
img 1
Proc 7
Proc 1
Proc 8
Proc 0
Proc 5
Proc 3
Proc 4
Proc 6
Proc 2
No attacks
83.7362048625946 seconds
img 2
Proc 8
Proc 1
Proc 0
Proc 4
Proc 7
Proc 3
Proc 5
Proc 2
Proc 6
No attacks
80.69475841522217 seconds
img 3
Proc 7
Proc 1
Proc 5
Proc 6
Proc 4
Proc 8
Proc 3
Proc 2
Proc 0
No attacks
80.58166456222534 seconds
img 4
Proc 1
Proc 3
Proc 0
Proc 6
Proc 7
Proc 8
Proc 2
Proc 5
Proc 4
No attacks
84.91109943389893 seconds
img 5
Proc 5
Proc 1
Proc 6
Proc 0
Proc 7
Proc 4
Proc 8
Proc 3
Proc 2
No attacks
80.58775687217712 seconds
img 6
Proc 0
Proc 8
Proc 2
Proc 4
Proc 3
Proc 7
Proc 6
Proc 1
Proc 5
No attacks
83.33276057243347 seconds
img 7
Proc 2
Proc 1
Proc 8
Proc 6
Proc 3
Proc 5
Proc 4
Proc 0
Proc 7
No attacks
82.85631537437439 seconds
img 8
Proc 5
Proc 0
Proc 8
Proc 1
Proc 6
Proc 3
Proc 7
Proc 2
Proc 4
Attack found for 6 :
[6.08885732e-01 2.94159013e+00 2.79082442e+00 2.96655803e+00
 2.82287482e+00 2.66062599e+00 4.11674006e+00 3.67422653e+00
 2.50530675e-01 2.17667654e+00 3.67971101e+00 3.37528953e+00
 0.00000000e+00 5.00000000e+00 5.00000000e+00 5.00000000e+00
 4.21895040e+00 3.31092906e+00 8.08739132e-01 1.82289307e+00
 1.00583820e+00 4.30617438e+00 3.00316252e+00 7.18566385e-01
 4.59791285e+00 3.57582726e+00 1.94982420e-01 2.19062842e+00
 3.05683916e+00 3.73009904e+00 4.11192985e+00 3.17069290e+00
 0.00000000e+00 5.00000000e+00 0.00000000e+00 5.00000000e+00
 5.00000000e+00 5.00000000e+00 0.00000000e+00 0.00000000e+00
 5.00000000e+00 5.00000000e+00 0.00000000e+00 5.00000000e+00
 5.00000000e+00 5.00000000e+00 5.00000000e+00 0.00000000e+00
 5.00000000e+00 5.00000000e+00 5.00000000e+00 0.00000000e+00
 3.89219985e+00 8.52716305e-01 1.89782090e+00 4.33146830e+00
 8.83264906e-02 2.93811806e+00 5.00000000e+00 0.00000000e+00
 5.00000000e+00 0.00000000e+00 5.00000000e+00 0.00000000e+00
 0.00000000e+00 5.00000000e+00 5.00000000e+00 5.00000000e+00
 5.00000000e+00 5.00000000e+00 5.00000000e+00 5.00000000e+00
 5.00000000e+00 5.00000000e+00 0.00000000e+00 0.00000000e+00
 0.00000000e+00 5.00000000e+00 5.00000000e+00 5.00000000e+00
 5.00000000e+00 0.00000000e+00 5.46303853e-01 1.81899479e+00
 3.30107993e+00 4.30217070e+00 5.00000000e+00 5.00000000e+00
 0.00000000e+00 5.00000000e+00 5.00000000e+00 5.00000000e+00
 5.00000000e+00 5.00000000e+00 5.00000000e+00 5.00000000e+00
 0.00000000e+00 5.00000000e+00 5.00000000e+00 5.00000000e+00
 5.00000000e+00 5.00000000e+00 5.00000000e+00 0.00000000e+00
 0.00000000e+00 0.00000000e+00 0.00000000e+00 5.00000000e+00
 5.00000000e+00 0.00000000e+00 5.00000000e+00 1.50723215e+00
 4.82660636e+00 0.00000000e+00 5.00000000e+00 5.00000000e+00
 0.00000000e+00 5.00000000e+00 5.00000000e+00 5.00000000e+00
 5.00000000e+00 5.00000000e+00 5.00000000e+00 5.00000000e+00
 5.00000000e+00 5.00000000e+00 5.00000000e+00 5.00000000e+00
 0.00000000e+00 2.20000000e+01 4.20000000e+01 4.20000000e+01
 4.20000000e+01 2.10000000e+01 1.31000000e+02 8.00000000e+01
 4.20000000e+01 5.00000000e+00 0.00000000e+00 0.00000000e+00
 4.04074385e+00 4.88910279e+00 0.00000000e+00 5.00000000e+00
 5.00000000e+00 0.00000000e+00 0.00000000e+00 0.00000000e+00
 5.00000000e+00 0.00000000e+00 5.00000000e+00 5.00000000e+00
 5.00000000e+00 5.00000000e+00 5.00000000e+00 7.00000000e+01
 1.48000000e+02 2.22000000e+02 2.55000000e+02 2.55000000e+02
 2.55000000e+02 2.10000000e+02 2.41000000e+02 2.48000000e+02
 2.48000000e+02 0.00000000e+00 0.00000000e+00 0.00000000e+00
 1.22895836e+00 0.00000000e+00 5.00000000e+00 0.00000000e+00
 5.00000000e+00 5.00000000e+00 0.00000000e+00 0.00000000e+00
 5.00000000e+00 0.00000000e+00 5.00000000e+00 5.00000000e+00
 4.00000000e+01 1.37000000e+02 2.39000000e+02 2.55000000e+02
 2.48000000e+02 2.48000000e+02 2.48000000e+02 2.48000000e+02
 2.48000000e+02 2.55000000e+02 2.48000000e+02 2.48000000e+02
 2.48000000e+02 0.00000000e+00 0.00000000e+00 0.00000000e+00
 0.00000000e+00 5.00000000e+00 5.00000000e+00 5.00000000e+00
 5.00000000e+00 5.00000000e+00 5.00000000e+00 5.00000000e+00
 5.00000000e+00 0.00000000e+00 0.00000000e+00 5.00000000e+00
 5.80000000e+01 2.55000000e+02 2.55000000e+02 2.48000000e+02
 2.48000000e+02 2.48000000e+02 2.55000000e+02 2.55000000e+02
 2.18000000e+02 1.75000000e+02 1.65000000e+02 1.65000000e+02
 1.65000000e+02 0.00000000e+00 0.00000000e+00 5.00000000e+00
 5.00000000e+00 0.00000000e+00 5.00000000e+00 5.00000000e+00
 5.00000000e+00 0.00000000e+00 0.00000000e+00 5.00000000e+00
 1.50000000e+01 1.37000000e+02 6.70000000e+01 0.00000000e+00
 5.20000000e+01 2.43000000e+02 2.22000000e+02 2.33000000e+02
 1.63000000e+02 1.19000000e+02 6.40000000e+01 1.50000000e+01
 1.60000000e+01 0.00000000e+00 0.00000000e+00 0.00000000e+00
 0.00000000e+00 0.00000000e+00 0.00000000e+00 0.00000000e+00
 5.00000000e+00 0.00000000e+00 0.00000000e+00 0.00000000e+00
 5.00000000e+00 5.00000000e+00 0.00000000e+00 6.00000000e+00
 2.01000000e+02 2.48000000e+02 8.15000000e+01 0.00000000e+00
 0.00000000e+00 2.70000000e+01 5.00000000e+00 3.50000000e+01
 7.00000000e+00 0.00000000e+00 0.00000000e+00 0.00000000e+00
 5.00000000e+00 0.00000000e+00 0.00000000e+00 5.00000000e+00
 0.00000000e+00 0.00000000e+00 0.00000000e+00 1.50000000e+00
 5.00000000e+00 0.00000000e+00 0.00000000e+00 0.00000000e+00
 0.00000000e+00 5.00000000e+00 1.10000000e+01 1.72000000e+02
 2.48000000e+02 1.27000000e+02 5.00000000e+00 5.00000000e+00
 0.00000000e+00 5.00000000e+00 0.00000000e+00 0.00000000e+00
 0.00000000e+00 5.00000000e+00 5.00000000e+00 0.00000000e+00
 5.00000000e+00 5.00000000e+00 0.00000000e+00 0.00000000e+00
 0.00000000e+00 0.00000000e+00 0.00000000e+00 5.00000000e+00
 0.00000000e+00 5.00000000e+00 0.00000000e+00 5.00000000e+00
 0.00000000e+00 7.00000000e+00 1.28000000e+02 2.48000000e+02
 2.28000000e+02 1.00000000e+01 0.00000000e+00 0.00000000e+00
 5.00000000e+00 0.00000000e+00 0.00000000e+00 0.00000000e+00
 0.00000000e+00 0.00000000e+00 0.00000000e+00 0.00000000e+00
 0.00000000e+00 0.00000000e+00 0.00000000e+00 0.00000000e+00
 0.00000000e+00 0.00000000e+00 0.00000000e+00 5.00000000e+00
 0.00000000e+00 0.00000000e+00 0.00000000e+00 0.00000000e+00
 0.00000000e+00 8.70000000e+01 2.48000000e+02 2.18000000e+02
 2.30000000e+01 0.00000000e+00 0.00000000e+00 5.00000000e+00
 5.00000000e+00 5.00000000e+00 0.00000000e+00 0.00000000e+00
 5.00000000e+00 0.00000000e+00 0.00000000e+00 0.00000000e+00
 5.00000000e+00 0.00000000e+00 0.00000000e+00 0.00000000e+00
 5.00000000e+00 5.00000000e+00 5.00000000e+00 5.00000000e+00
 5.00000000e+00 0.00000000e+00 0.00000000e+00 0.00000000e+00
 0.00000000e+00 1.45000000e+02 2.48000000e+02 1.69000000e+02
 0.00000000e+00 0.00000000e+00 5.00000000e+00 5.00000000e+00
 0.00000000e+00 5.00000000e+00 5.00000000e+00 0.00000000e+00
 0.00000000e+00 5.00000000e+00 0.00000000e+00 5.00000000e+00
 0.00000000e+00 0.00000000e+00 5.00000000e+00 5.00000000e+00
 5.00000000e+00 5.00000000e+00 5.00000000e+00 5.00000000e+00
 5.00000000e+00 0.00000000e+00 5.00000000e+00 0.00000000e+00
 0.00000000e+00 2.29000000e+02 2.48000000e+02 2.51000000e+02
 1.22000000e+02 5.40000000e+01 5.00000000e+00 0.00000000e+00
 0.00000000e+00 5.00000000e+00 5.00000000e+00 0.00000000e+00
 0.00000000e+00 0.00000000e+00 5.00000000e+00 0.00000000e+00
 0.00000000e+00 0.00000000e+00 5.00000000e+00 5.00000000e+00
 5.00000000e+00 5.00000000e+00 5.00000000e+00 0.00000000e+00
 5.00000000e+00 0.00000000e+00 5.00000000e+00 5.00000000e+00
 0.00000000e+00 2.55000000e+02 2.55000000e+02 2.55000000e+02
 2.55000000e+02 2.46000000e+02 1.42000000e+02 8.60000000e+01
 1.26000000e+02 8.00000000e+01 4.70000000e+01 3.70000000e+01
 9.00000000e+01 3.30000000e+01 0.00000000e+00 0.00000000e+00
 0.00000000e+00 5.00000000e+00 5.00000000e+00 5.00000000e+00
 5.00000000e+00 5.00000000e+00 5.00000000e+00 5.00000000e+00
 5.00000000e+00 5.00000000e+00 5.00000000e+00 5.00000000e+00
 5.00000000e+00 1.44000000e+02 2.48000000e+02 2.55000000e+02
 2.48000000e+02 2.55000000e+02 2.48000000e+02 2.48000000e+02
 2.55000000e+02 2.48000000e+02 2.55000000e+02 2.55000000e+02
 2.55000000e+02 2.37000000e+02 1.73000000e+02 5.00000000e+00
 5.00000000e+00 5.00000000e+00 5.00000000e+00 5.00000000e+00
 5.00000000e+00 5.00000000e+00 5.00000000e+00 5.00000000e+00
 7.22239009e-01 0.00000000e+00 5.00000000e+00 5.00000000e+00
 5.00000000e+00 8.00000000e+00 4.80000000e+01 2.13000000e+02
 2.27000000e+02 2.55000000e+02 2.55000000e+02 2.55000000e+02
 2.55000000e+02 2.48000000e+02 2.55000000e+02 2.55000000e+02
 2.48000000e+02 2.55000000e+02 2.47000000e+02 1.29000000e+02
 5.00000000e+00 5.00000000e+00 5.00000000e+00 0.00000000e+00
 5.00000000e+00 5.00000000e+00 5.00000000e+00 5.00000000e+00
 5.00000000e+00 0.00000000e+00 5.00000000e+00 5.00000000e+00
 5.00000000e+00 5.00000000e+00 5.00000000e+00 5.00000000e+00
 5.00000000e+00 7.20000000e+01 6.70000000e+01 2.05000000e+02
 2.55000000e+02 2.51500000e+02 2.48000000e+02 2.55000000e+02
 2.48000000e+02 2.55000000e+02 2.55000000e+02 1.80000000e+02
 5.00000000e+00 5.00000000e+00 5.00000000e+00 5.00000000e+00
 5.00000000e+00 5.00000000e+00 5.00000000e+00 5.00000000e+00
 0.00000000e+00 5.00000000e+00 0.00000000e+00 5.00000000e+00
 5.00000000e+00 5.00000000e+00 5.00000000e+00 5.00000000e+00
 5.00000000e+00 0.00000000e+00 5.00000000e+00 1.25000000e+02
 2.48000000e+02 2.54000000e+02 1.57000000e+02 5.60000000e+01
 1.69000000e+02 2.48000000e+02 2.55000000e+02 1.80000000e+02
 5.00000000e+00 5.00000000e+00 0.00000000e+00 0.00000000e+00
 5.00000000e+00 5.00000000e+00 5.00000000e+00 0.00000000e+00
 3.39301759e+00 5.00000000e+00 5.00000000e+00 5.00000000e+00
 5.00000000e+00 0.00000000e+00 5.00000000e+00 5.00000000e+00
 5.00000000e+00 5.00000000e+00 5.00000000e+00 5.50000000e+01
 2.55000000e+02 2.48000000e+02 2.48000000e+02 1.83000000e+02
 2.55000000e+02 2.48000000e+02 2.55000000e+02 1.43000000e+02
 5.00000000e+00 5.00000000e+00 0.00000000e+00 0.00000000e+00
 5.00000000e+00 5.00000000e+00 0.00000000e+00 5.00000000e+00
 0.00000000e+00 0.00000000e+00 5.00000000e+00 5.00000000e+00
 5.00000000e+00 0.00000000e+00 0.00000000e+00 5.00000000e+00
 0.00000000e+00 5.00000000e+00 5.00000000e+00 4.00000000e+00
 1.72000000e+02 2.48000000e+02 2.55000000e+02 2.55000000e+02
 2.55000000e+02 2.55000000e+02 1.80000000e+02 1.60000000e+01
 5.00000000e+00 0.00000000e+00 0.00000000e+00 5.00000000e+00
 5.00000000e+00 5.00000000e+00 5.00000000e+00 5.00000000e+00
 0.00000000e+00 5.00000000e+00 5.00000000e+00 5.00000000e+00
 0.00000000e+00 0.00000000e+00 0.00000000e+00 5.00000000e+00
 0.00000000e+00 0.00000000e+00 5.00000000e+00 5.00000000e+00
 2.40000000e+01 1.75000000e+02 2.26000000e+02 2.55000000e+02
 2.16000000e+02 1.33000000e+02 5.00000000e+00 0.00000000e+00
 5.00000000e+00 5.00000000e+00 0.00000000e+00 0.00000000e+00
 5.00000000e+00 5.00000000e+00 5.00000000e+00 0.00000000e+00
 8.86599179e-01 3.26238269e+00 5.00000000e+00 5.00000000e+00
 5.00000000e+00 5.00000000e+00 5.00000000e+00 5.00000000e+00
 0.00000000e+00 5.00000000e+00 0.00000000e+00 5.00000000e+00
 5.00000000e+00 0.00000000e+00 9.80000000e+01 1.44000000e+02
 1.70000000e+01 0.00000000e+00 5.00000000e+00 5.00000000e+00
 5.00000000e+00 5.00000000e+00 2.00000000e+00 0.00000000e+00
 0.00000000e+00 5.00000000e+00 5.00000000e+00 5.55967531e-01
 1.99693935e+00 5.04162622e-01 5.00000000e+00 0.00000000e+00
 5.00000000e+00 0.00000000e+00 0.00000000e+00 0.00000000e+00
 0.00000000e+00 5.00000000e+00 5.00000000e+00 5.00000000e+00
 0.00000000e+00 0.00000000e+00 5.00000000e+00 0.00000000e+00
 5.00000000e+00 5.00000000e+00 0.00000000e+00 0.00000000e+00
 0.00000000e+00 5.00000000e+00 0.00000000e+00 0.00000000e+00
 5.00000000e+00 5.00000000e+00 5.00000000e+00 2.74759221e+00
 4.05622717e+00 4.83020998e+00 5.00000000e+00 0.00000000e+00
 5.00000000e+00 0.00000000e+00 0.00000000e+00 5.00000000e+00
 0.00000000e+00 0.00000000e+00 0.00000000e+00 0.00000000e+00
 0.00000000e+00 5.00000000e+00 5.00000000e+00 0.00000000e+00
 0.00000000e+00 0.00000000e+00 0.00000000e+00 0.00000000e+00
 0.00000000e+00 0.00000000e+00 0.00000000e+00 0.00000000e+00
 0.00000000e+00 5.00000000e+00 5.00000000e+00 3.25170738e+00
 3.69172097e-01 2.31405051e+00 4.24231446e+00 5.00000000e+00
 5.00000000e+00 0.00000000e+00 0.00000000e+00 0.00000000e+00
 0.00000000e+00 0.00000000e+00 0.00000000e+00 0.00000000e+00
 0.00000000e+00 0.00000000e+00 0.00000000e+00 0.00000000e+00
 0.00000000e+00 0.00000000e+00 0.00000000e+00 0.00000000e+00
 0.00000000e+00 0.00000000e+00 0.00000000e+00 5.00000000e+00
 0.00000000e+00 0.00000000e+00 2.46120698e+00 2.74736916e+00
 1.94647259e+00 3.22608679e+00 4.19979349e+00 2.36313519e+00
 0.00000000e+00 0.00000000e+00 0.00000000e+00 0.00000000e+00
 0.00000000e+00 0.00000000e+00 0.00000000e+00 0.00000000e+00
 0.00000000e+00 0.00000000e+00 0.00000000e+00 0.00000000e+00
 0.00000000e+00 0.00000000e+00 0.00000000e+00 0.00000000e+00
 0.00000000e+00 0.00000000e+00 0.00000000e+00 5.00000000e+00
 4.36178929e+00 2.73644737e+00 3.61887175e+00 3.40546082e+00]
38.47983455657959 seconds
img 9
Proc 0
Proc 8
Proc 5
Proc 4
Proc 1
Proc 7
Proc 3
Proc 2
Proc 6
No attacks
80.97965216636658 seconds
img 10
Proc 0
Proc 3
Proc 7
Proc 4
Proc 6
Proc 2
Proc 8
Proc 5
Proc 1
No attacks
80.81217980384827 seconds
img 11
Proc 0
Proc 1
Proc 5
Proc 3
Proc 2
Proc 6
Proc 8
Proc 4
Proc 7
No attacks
80.35092949867249 seconds
img 12
Proc 7
Proc 0
Proc 1
Proc 2
Proc 8
Proc 4
Proc 6
Proc 5
Proc 3
No attacks
79.77061891555786 seconds
img 13
Proc 3
Proc 5
Proc 0
Proc 1
Proc 8
Proc 6
Proc 7
Proc 2
Proc 4
No attacks
79.56267929077148 seconds
img 14
Proc 8
Proc 4
Proc 0
Proc 7
Proc 1
Proc 3
Proc 2
Proc 5
Proc 6
No attacks
80.12457418441772 seconds
img 15
Proc 4
Proc 0
Proc 1
Proc 3
Proc 2
Proc 6
Proc 7
Proc 5
Proc 8
No attacks
80.25219798088074 seconds
img 16
Proc 8
Proc 1
Proc 2
Proc 4
Proc 5
Proc 6
Proc 0
Proc 7
Proc 3
No attacks
88.54537081718445 seconds
img 17
Proc 6
Proc 1
Proc 7
Proc 4
Proc 0
Proc 2
Proc 8
Proc 5
Proc 3
No attacks
80.76615643501282 seconds
img 18
Proc 7
Proc 6
Proc 5
Proc 2
Proc 8
Proc 1
Proc 3
Proc 0
Proc 4
Attack found for 8 :
[4.53900203e+00 4.87234705e+00 2.68816952e-01 3.31388947e+00
 3.73029671e-01 3.25153109e-01 2.06141284e+00 2.17182624e+00
 1.82140519e+00 4.59133329e+00 1.88567487e+00 2.40348389e+00
 0.00000000e+00 5.00000000e+00 0.00000000e+00 5.00000000e+00
 2.26236195e+00 4.37568617e+00 2.66255833e+00 1.06931960e+00
 3.94430876e+00 6.36361143e-01 2.57612620e+00 4.97377392e+00
 3.40395403e+00 2.21334608e+00 2.21538868e-01 3.63212311e+00
 2.89402152e+00 5.95304969e-01 3.43277768e+00 3.01248861e+00
 5.00000000e+00 5.00000000e+00 0.00000000e+00 5.00000000e+00
 0.00000000e+00 0.00000000e+00 5.00000000e+00 5.00000000e+00
 0.00000000e+00 5.00000000e+00 0.00000000e+00 0.00000000e+00
 0.00000000e+00 0.00000000e+00 0.00000000e+00 5.00000000e+00
 5.00000000e+00 5.00000000e+00 5.00000000e+00 5.00000000e+00
 2.25672954e+00 3.19534886e+00 2.57470396e+00 1.84188114e+00
 4.68560815e+00 2.60720078e-02 0.00000000e+00 0.00000000e+00
 5.00000000e+00 0.00000000e+00 0.00000000e+00 5.00000000e+00
 5.00000000e+00 5.00000000e+00 0.00000000e+00 0.00000000e+00
 0.00000000e+00 0.00000000e+00 5.00000000e+00 5.00000000e+00
 5.00000000e+00 5.00000000e+00 5.00000000e+00 5.00000000e+00
 0.00000000e+00 0.00000000e+00 5.00000000e+00 0.00000000e+00
 0.00000000e+00 0.00000000e+00 1.10728297e+00 4.93178575e+00
 3.20274767e+00 2.14898579e+00 5.00000000e+00 0.00000000e+00
 0.00000000e+00 0.00000000e+00 5.00000000e+00 0.00000000e+00
 0.00000000e+00 0.00000000e+00 0.00000000e+00 0.00000000e+00
 5.00000000e+00 5.00000000e+00 0.00000000e+00 0.00000000e+00
 0.00000000e+00 5.00000000e+00 0.00000000e+00 0.00000000e+00
 0.00000000e+00 0.00000000e+00 5.00000000e+00 0.00000000e+00
 0.00000000e+00 0.00000000e+00 5.00000000e+00 4.01764245e+00
 4.72421231e+00 0.00000000e+00 5.00000000e+00 0.00000000e+00
 0.00000000e+00 5.00000000e+00 7.00000000e+00 3.60000000e+01
 1.41000000e+02 1.41000000e+02 4.30000000e+01 5.00000000e+00
 5.00000000e+00 5.00000000e+00 5.00000000e+00 5.00000000e+00
 0.00000000e+00 5.00000000e+00 5.00000000e+00 0.00000000e+00
 0.00000000e+00 0.00000000e+00 0.00000000e+00 0.00000000e+00
 5.00000000e+00 5.00000000e+00 5.00000000e+00 5.00000000e+00
 8.05428340e-01 4.83283636e+00 0.00000000e+00 0.00000000e+00
 0.00000000e+00 1.70000000e+01 1.24000000e+02 2.48000000e+02
 2.48000000e+02 2.55000000e+02 2.55000000e+02 1.58000000e+02
 2.30000000e+01 5.00000000e+00 5.00000000e+00 5.00000000e+00
 0.00000000e+00 0.00000000e+00 5.00000000e+00 0.00000000e+00
 0.00000000e+00 5.00000000e+00 5.00000000e+00 0.00000000e+00
 5.00000000e+00 5.00000000e+00 5.00000000e+00 5.00000000e+00
 2.35687730e+00 5.00000000e+00 0.00000000e+00 0.00000000e+00
 0.00000000e+00 1.28000000e+02 2.48000000e+02 2.48000000e+02
 2.48000000e+02 2.48000000e+02 2.48000000e+02 2.48000000e+02
 2.34000000e+02 7.50000000e+01 1.00000000e+00 5.00000000e+00
 5.00000000e+00 5.00000000e+00 0.00000000e+00 0.00000000e+00
 5.00000000e+00 0.00000000e+00 5.00000000e+00 0.00000000e+00
 5.00000000e+00 5.00000000e+00 5.00000000e+00 5.00000000e+00
 5.00000000e+00 0.00000000e+00 5.00000000e+00 0.00000000e+00
 0.00000000e+00 9.60000000e+01 2.55000000e+02 2.47000000e+02
 1.50000000e+02 9.70000000e+01 1.12000000e+02 2.32000000e+02
 2.48000000e+02 2.42000000e+02 1.33000000e+02 1.50000000e+01
 5.00000000e+00 5.00000000e+00 0.00000000e+00 5.00000000e+00
 0.00000000e+00 5.00000000e+00 5.00000000e+00 0.00000000e+00
 0.00000000e+00 5.00000000e+00 0.00000000e+00 0.00000000e+00
 0.00000000e+00 5.00000000e+00 5.00000000e+00 0.00000000e+00
 0.00000000e+00 1.86000000e+02 2.55000000e+02 1.72000000e+02
 5.00000000e+00 0.00000000e+00 5.00000000e+00 6.60000000e+01
 2.40000000e+02 2.55000000e+02 2.55000000e+02 1.68000000e+02
 1.00000000e+01 0.00000000e+00 5.00000000e+00 5.00000000e+00
 0.00000000e+00 5.00000000e+00 5.00000000e+00 0.00000000e+00
 5.00000000e+00 5.00000000e+00 0.00000000e+00 0.00000000e+00
 0.00000000e+00 5.00000000e+00 5.00000000e+00 0.00000000e+00
 0.00000000e+00 2.50000000e+02 2.55000000e+02 3.80000000e+01
 0.00000000e+00 5.00000000e+00 5.00000000e+00 5.00000000e+00
 6.30000000e+01 1.98000000e+02 2.48000000e+02 2.55000000e+02
 1.69000000e+02 0.00000000e+00 0.00000000e+00 5.00000000e+00
 0.00000000e+00 0.00000000e+00 5.00000000e+00 5.00000000e+00
 5.00000000e+00 5.00000000e+00 5.00000000e+00 0.00000000e+00
 0.00000000e+00 5.00000000e+00 0.00000000e+00 5.00000000e+00
 0.00000000e+00 1.92000000e+02 2.55000000e+02 3.70000000e+01
 5.00000000e+00 5.00000000e+00 5.00000000e+00 5.00000000e+00
 5.00000000e+00 5.00000000e+01 2.31000000e+02 2.48000000e+02
 2.48000000e+02 8.10000000e+01 0.00000000e+00 5.00000000e+00
 5.00000000e+00 5.00000000e+00 5.00000000e+00 5.00000000e+00
 5.00000000e+00 0.00000000e+00 0.00000000e+00 0.00000000e+00
 5.00000000e+00 0.00000000e+00 0.00000000e+00 0.00000000e+00
 0.00000000e+00 1.51000000e+02 2.55000000e+02 3.70000000e+01
 5.00000000e+00 1.05000000e+02 1.85000000e+02 8.20000000e+01
 8.20000000e+01 8.20000000e+01 1.42000000e+02 2.48000000e+02
 2.48000000e+02 1.18000000e+02 0.00000000e+00 0.00000000e+00
 5.00000000e+00 5.00000000e+00 5.00000000e+00 5.00000000e+00
 5.00000000e+00 5.00000000e+00 5.00000000e+00 5.00000000e+00
 0.00000000e+00 0.00000000e+00 0.00000000e+00 0.00000000e+00
 5.00000000e+00 9.90000000e+01 2.55000000e+02 8.30000000e+01
 3.50000000e+01 2.43000000e+02 2.48000000e+02 2.48000000e+02
 2.55000000e+02 2.55000000e+02 2.55000000e+02 2.55000000e+02
 2.48000000e+02 2.18000000e+02 7.90000000e+01 1.00000000e+01
 0.00000000e+00 5.00000000e+00 5.00000000e+00 5.00000000e+00
 5.00000000e+00 5.00000000e+00 5.00000000e+00 5.00000000e+00
 0.00000000e+00 0.00000000e+00 0.00000000e+00 0.00000000e+00
 0.00000000e+00 9.00000000e+00 8.70000000e+01 7.00000000e+00
 3.00000000e+01 2.35000000e+02 2.48000000e+02 2.55000000e+02
 2.55000000e+02 2.55000000e+02 2.55000000e+02 2.48000000e+02
 2.55000000e+02 2.55000000e+02 2.55000000e+02 2.49000000e+02
 8.40000000e+01 5.00000000e+00 0.00000000e+00 0.00000000e+00
 0.00000000e+00 5.00000000e+00 5.00000000e+00 5.00000000e+00
 5.00000000e+00 5.00000000e+00 0.00000000e+00 0.00000000e+00
 0.00000000e+00 0.00000000e+00 5.00000000e+00 0.00000000e+00
 0.00000000e+00 7.00000000e+01 1.56000000e+02 1.84000000e+02
 2.55000000e+02 2.55000000e+02 2.48000000e+02 2.48000000e+02
 2.48000000e+02 2.55000000e+02 2.55000000e+02 2.55000000e+02
 2.48000000e+02 2.04000000e+02 3.80000000e+01 0.00000000e+00
 0.00000000e+00 0.00000000e+00 0.00000000e+00 0.00000000e+00
 5.00000000e+00 5.00000000e+00 0.00000000e+00 0.00000000e+00
 0.00000000e+00 0.00000000e+00 0.00000000e+00 0.00000000e+00
 0.00000000e+00 5.00000000e+00 0.00000000e+00 8.00000000e+00
 2.10000000e+01 2.10000000e+01 4.20000000e+01 4.30000000e+01
 2.10000000e+01 2.10000000e+01 1.40000000e+02 2.38000000e+02
 2.55000000e+02 2.48000000e+02 1.80000000e+02 4.30000000e+01
 0.00000000e+00 5.00000000e+00 5.00000000e+00 0.00000000e+00
 0.00000000e+00 5.00000000e+00 0.00000000e+00 0.00000000e+00
 5.00000000e+00 5.00000000e+00 0.00000000e+00 0.00000000e+00
 0.00000000e+00 1.50000000e+01 6.30000000e+01 5.00000000e+00
 5.00000000e+00 5.00000000e+00 5.00000000e+00 5.00000000e+00
 5.00000000e+00 5.00000000e+00 0.00000000e+00 5.30000000e+01
 2.04000000e+02 2.48000000e+02 2.55000000e+02 1.78000000e+02
 0.00000000e+00 5.00000000e+00 5.00000000e+00 5.00000000e+00
 4.26982584e+00 0.00000000e+00 0.00000000e+00 0.00000000e+00
 5.00000000e+00 5.00000000e+00 5.00000000e+00 5.00000000e+00
 7.20000000e+01 2.26000000e+02 2.52000000e+02 8.40000000e+01
 5.00000000e+00 5.00000000e+00 0.00000000e+00 5.00000000e+00
 5.00000000e+00 5.00000000e+00 5.00000000e+00 0.00000000e+00
 1.80000000e+01 2.14000000e+02 2.48000000e+02 2.35000000e+02
 7.70000000e+01 0.00000000e+00 0.00000000e+00 5.00000000e+00
 0.00000000e+00 5.00000000e+00 5.00000000e+00 0.00000000e+00
 0.00000000e+00 5.00000000e+00 0.00000000e+00 5.00000000e+00
 9.50000000e+01 2.42000000e+02 2.55000000e+02 2.55000000e+02
 6.20000000e+01 5.00000000e+00 5.00000000e+00 0.00000000e+00
 0.00000000e+00 0.00000000e+00 0.00000000e+00 0.00000000e+00
 5.00000000e+00 4.80000000e+01 2.46000000e+02 2.55000000e+02
 1.96000000e+02 5.00000000e+00 0.00000000e+00 5.00000000e+00
 5.00000000e+00 0.00000000e+00 0.00000000e+00 0.00000000e+00
 0.00000000e+00 0.00000000e+00 0.00000000e+00 5.00000000e+00
 5.00000000e+00 1.11000000e+02 2.48000000e+02 2.55000000e+02
 6.40000000e+01 5.00000000e+00 5.00000000e+00 5.00000000e+00
 5.00000000e+00 0.00000000e+00 0.00000000e+00 0.00000000e+00
 5.00000000e+00 9.40000000e+01 2.47000000e+02 2.55000000e+02
 1.50000000e+02 5.00000000e+00 5.00000000e+00 5.00000000e+00
 2.78250642e-01 5.00000000e+00 0.00000000e+00 0.00000000e+00
 0.00000000e+00 5.00000000e+00 0.00000000e+00 0.00000000e+00
 0.00000000e+00 9.00000000e+00 1.93000000e+02 2.48000000e+02
 2.16000000e+02 1.63000000e+02 3.30000000e+01 5.00000000e+00
 5.00000000e+00 0.00000000e+00 0.00000000e+00 1.16000000e+02
 2.06000000e+02 2.41000000e+02 2.48000000e+02 2.55000000e+02
 1.40000000e+02 5.00000000e+00 0.00000000e+00 0.00000000e+00
 0.00000000e+00 0.00000000e+00 0.00000000e+00 5.00000000e+00
 5.00000000e+00 5.00000000e+00 5.00000000e+00 5.00000000e+00
 5.00000000e+00 5.00000000e+00 1.70000000e+01 2.16000000e+02
 2.41000000e+02 2.48000000e+02 2.55000000e+02 2.44000000e+02
 2.44000000e+02 2.54000000e+02 2.54000000e+02 2.55000000e+02
 2.55000000e+02 2.55000000e+02 2.48000000e+02 2.05000000e+02
 2.40000000e+01 0.00000000e+00 0.00000000e+00 0.00000000e+00
 0.00000000e+00 0.00000000e+00 0.00000000e+00 0.00000000e+00
 5.00000000e+00 5.00000000e+00 5.00000000e+00 5.00000000e+00
 5.00000000e+00 0.00000000e+00 0.00000000e+00 0.00000000e+00
 9.00000000e+01 1.88000000e+02 2.33000000e+02 2.48000000e+02
 2.55000000e+02 2.55000000e+02 2.55000000e+02 2.48000000e+02
 2.55000000e+02 2.00000000e+02 1.29000000e+02 2.80000000e+01
 5.00000000e+00 5.00000000e+00 0.00000000e+00 0.00000000e+00
 3.93019219e-01 3.96211493e+00 0.00000000e+00 5.00000000e+00
 0.00000000e+00 0.00000000e+00 0.00000000e+00 0.00000000e+00
 0.00000000e+00 5.00000000e+00 5.00000000e+00 0.00000000e+00
 4.50000000e+00 5.00000000e+00 1.90000000e+01 3.20000000e+01
 1.43000000e+02 6.90000000e+01 1.21000000e+02 8.30000000e+01
 3.20000000e+01 2.00000000e+00 5.00000000e+00 5.00000000e+00
 5.00000000e+00 5.00000000e+00 5.00000000e+00 4.94108437e+00
 3.56653652e+00 2.85174187e+00 0.00000000e+00 0.00000000e+00
 0.00000000e+00 0.00000000e+00 0.00000000e+00 0.00000000e+00
 0.00000000e+00 5.00000000e+00 0.00000000e+00 0.00000000e+00
 0.00000000e+00 5.00000000e+00 5.00000000e+00 5.00000000e+00
 0.00000000e+00 0.00000000e+00 5.00000000e+00 5.00000000e+00
 5.00000000e+00 0.00000000e+00 5.00000000e+00 5.00000000e+00
 5.00000000e+00 0.00000000e+00 5.00000000e+00 1.19310872e+00
 1.58139587e+00 4.71272368e+00 0.00000000e+00 5.00000000e+00
 0.00000000e+00 0.00000000e+00 0.00000000e+00 0.00000000e+00
 0.00000000e+00 0.00000000e+00 1.50000000e+00 0.00000000e+00
 0.00000000e+00 0.00000000e+00 0.00000000e+00 0.00000000e+00
 0.00000000e+00 5.00000000e+00 5.00000000e+00 5.00000000e+00
 5.00000000e+00 5.00000000e+00 5.00000000e+00 5.00000000e+00
 5.00000000e+00 0.00000000e+00 5.00000000e+00 1.00652893e+00
 4.96674610e+00 4.34347461e+00 1.33587780e+00 5.00000000e+00
 5.00000000e+00 5.00000000e+00 5.00000000e+00 0.00000000e+00
 0.00000000e+00 5.00000000e+00 5.00000000e+00 5.00000000e+00
 5.00000000e+00 5.00000000e+00 5.00000000e+00 5.00000000e+00
 5.00000000e+00 5.00000000e+00 5.00000000e+00 0.00000000e+00
 0.00000000e+00 5.00000000e+00 0.00000000e+00 5.00000000e+00
 5.00000000e+00 0.00000000e+00 8.05745778e-01 2.79355587e-01
 7.44402285e-01 1.61409407e+00 2.79547302e+00 4.56511114e+00
 5.00000000e+00 0.00000000e+00 5.00000000e+00 5.00000000e+00
 5.00000000e+00 0.00000000e+00 0.00000000e+00 0.00000000e+00
 0.00000000e+00 0.00000000e+00 0.00000000e+00 5.00000000e+00
 5.00000000e+00 5.00000000e+00 5.00000000e+00 0.00000000e+00
 0.00000000e+00 5.00000000e+00 5.00000000e+00 0.00000000e+00
 6.73794548e-01 2.57565738e-01 2.79807750e+00 7.29764733e-01]
36.305968046188354 seconds
img 19
Proc 4
Proc 2
Proc 3
Proc 5
Proc 8
Proc 0
Proc 6
Proc 1
Proc 7
No attacks
82.7789626121521 seconds
img 20
Proc 4
Proc 8
Proc 2
Proc 1
Proc 0
Proc 5
Proc 3
Proc 7
Proc 6
Attack found for 7 :
[5.48568875e-01 4.33023814e+00 3.65131879e+00 3.87437272e-01
 3.99707611e+00 1.34330104e+00 4.32523026e+00 1.31705238e-01
 2.09881365e+00 2.05696398e+00 5.00467327e-01 4.97733708e-01
 5.00000000e+00 5.00000000e+00 0.00000000e+00 5.00000000e+00
 2.44851821e+00 3.06037098e+00 4.42999324e+00 2.62312140e+00
 4.98514539e+00 3.27344899e+00 3.78414270e+00 1.46777118e+00
 2.23403088e+00 8.75385711e-02 4.74865812e+00 1.49186139e+00
 4.60767746e+00 1.41060108e+00 4.27920142e+00 4.01810861e+00
 3.00000000e+00 0.00000000e+00 0.00000000e+00 5.00000000e+00
 5.00000000e+00 5.00000000e+00 5.00000000e+00 0.00000000e+00
 0.00000000e+00 5.00000000e+00 0.00000000e+00 0.00000000e+00
 0.00000000e+00 0.00000000e+00 0.00000000e+00 0.00000000e+00
 5.00000000e+00 5.00000000e+00 5.00000000e+00 0.00000000e+00
 2.39303269e+00 1.06365960e+00 3.65986583e+00 1.08529326e+00
 2.75449637e+00 1.68629906e+00 5.00000000e+00 0.00000000e+00
 0.00000000e+00 0.00000000e+00 5.00000000e+00 5.00000000e+00
 5.00000000e+00 0.00000000e+00 0.00000000e+00 5.00000000e+00
 5.00000000e+00 0.00000000e+00 0.00000000e+00 5.00000000e+00
 5.00000000e+00 5.00000000e+00 5.00000000e+00 5.00000000e+00
 5.00000000e+00 5.00000000e+00 5.00000000e+00 5.00000000e+00
 0.00000000e+00 5.00000000e+00 3.66569405e+00 8.69521176e-01
 4.45288661e+00 1.24164989e-01 5.00000000e+00 0.00000000e+00
 0.00000000e+00 5.00000000e+00 5.00000000e+00 0.00000000e+00
 0.00000000e+00 0.00000000e+00 0.00000000e+00 0.00000000e+00
 5.00000000e+00 0.00000000e+00 0.00000000e+00 5.00000000e+00
 5.00000000e+00 5.00000000e+00 0.00000000e+00 5.00000000e+00
 5.00000000e+00 5.00000000e+00 5.00000000e+00 0.00000000e+00
 0.00000000e+00 0.00000000e+00 0.00000000e+00 7.11229222e-01
 3.80991202e+00 0.00000000e+00 5.00000000e+00 5.00000000e+00
 0.00000000e+00 0.00000000e+00 0.00000000e+00 0.00000000e+00
 0.00000000e+00 4.00000000e+00 0.00000000e+00 0.00000000e+00
 0.00000000e+00 0.00000000e+00 0.00000000e+00 0.00000000e+00
 0.00000000e+00 0.00000000e+00 0.00000000e+00 0.00000000e+00
 0.00000000e+00 0.00000000e+00 0.00000000e+00 0.00000000e+00
 0.00000000e+00 5.00000000e+00 0.00000000e+00 5.00000000e+00
 1.84811218e+00 9.62624121e-01 0.00000000e+00 0.00000000e+00
 0.00000000e+00 0.00000000e+00 0.00000000e+00 0.00000000e+00
 5.00000000e+00 5.00000000e+00 0.00000000e+00 5.00000000e+00
 0.00000000e+00 0.00000000e+00 5.00000000e+00 0.00000000e+00
 0.00000000e+00 0.00000000e+00 0.00000000e+00 0.00000000e+00
 0.00000000e+00 0.00000000e+00 0.00000000e+00 0.00000000e+00
 0.00000000e+00 5.00000000e+00 5.00000000e+00 0.00000000e+00
 2.41178262e+00 5.00000000e+00 0.00000000e+00 5.00000000e+00
 5.00000000e+00 5.00000000e+00 0.00000000e+00 0.00000000e+00
 5.00000000e+00 0.00000000e+00 0.00000000e+00 0.00000000e+00
 0.00000000e+00 0.00000000e+00 0.00000000e+00 3.60000000e+01
 1.35000000e+02 1.88000000e+02 3.90000000e+01 4.00000000e+00
 0.00000000e+00 0.00000000e+00 0.00000000e+00 0.00000000e+00
 0.00000000e+00 5.00000000e+00 5.00000000e+00 5.00000000e+00
 5.00000000e+00 5.00000000e+00 5.00000000e+00 5.00000000e+00
 5.00000000e+00 0.00000000e+00 5.00000000e+00 5.00000000e+00
 0.00000000e+00 0.00000000e+00 0.00000000e+00 5.00000000e+00
 5.00000000e+00 3.30000000e+01 1.41000000e+02 2.35000000e+02
 2.49000000e+02 2.49000000e+02 2.33000000e+02 4.30000000e+01
 8.20000000e+01 5.10000000e+01 5.00000000e+00 5.00000000e+00
 5.00000000e+00 0.00000000e+00 5.00000000e+00 0.00000000e+00
 0.00000000e+00 5.00000000e+00 5.00000000e+00 5.00000000e+00
 5.00000000e+00 5.00000000e+00 5.00000000e+00 5.00000000e+00
 5.00000000e+00 5.00000000e+00 0.00000000e+00 0.00000000e+00
 4.80000000e+01 2.25000000e+02 2.49000000e+02 2.49000000e+02
 2.55000000e+02 2.49000000e+02 2.55000000e+02 2.46000000e+02
 2.55000000e+02 2.02000000e+02 7.00000000e+00 5.00000000e+00
 5.00000000e+00 5.00000000e+00 5.00000000e+00 0.00000000e+00
 0.00000000e+00 5.00000000e+00 5.00000000e+00 5.00000000e+00
 5.00000000e+00 5.00000000e+00 5.00000000e+00 5.00000000e+00
 5.00000000e+00 5.00000000e+00 1.60000000e+01 1.35000000e+02
 2.55000000e+02 2.49000000e+02 2.55000000e+02 2.34000000e+02
 2.47000000e+02 2.55000000e+02 2.49000000e+02 2.55000000e+02
 2.49000000e+02 2.42000000e+02 0.00000000e+00 5.00000000e+00
 5.00000000e+00 5.00000000e+00 5.00000000e+00 5.00000000e+00
 0.00000000e+00 5.00000000e+00 5.00000000e+00 5.00000000e+00
 5.00000000e+00 0.00000000e+00 5.00000000e+00 5.00000000e+00
 0.00000000e+00 5.00000000e+00 1.59000000e+02 2.49000000e+02
 2.49000000e+02 2.54000000e+02 9.90000000e+01 7.60000000e+01
 1.93000000e+02 2.55000000e+02 2.49000000e+02 2.55000000e+02
 2.39000000e+02 6.20000000e+01 5.00000000e+00 0.00000000e+00
 0.00000000e+00 5.00000000e+00 5.00000000e+00 5.00000000e+00
 5.00000000e+00 5.00000000e+00 5.00000000e+00 5.00000000e+00
 0.00000000e+00 0.00000000e+00 5.00000000e+00 5.00000000e+00
 0.00000000e+00 1.78000000e+02 2.55000000e+02 2.55000000e+02
 2.11000000e+02 5.60000000e+01 1.15000000e+02 2.20000000e+02
 2.49000000e+02 2.55000000e+02 2.55000000e+02 2.55000000e+02
 1.79000000e+02 0.00000000e+00 5.00000000e+00 0.00000000e+00
 5.00000000e+00 5.00000000e+00 5.00000000e+00 0.00000000e+00
 0.00000000e+00 5.00000000e+00 5.00000000e+00 5.00000000e+00
 0.00000000e+00 5.00000000e+00 5.00000000e+00 5.00000000e+00
 1.17000000e+02 2.55000000e+02 2.49000000e+02 2.20000000e+02
 8.20000000e+01 2.42000000e+02 2.49000000e+02 2.49000000e+02
 2.55000000e+02 2.55000000e+02 2.55000000e+02 2.22000000e+02
 3.60000000e+01 5.00000000e+00 5.00000000e+00 0.00000000e+00
 0.00000000e+00 5.00000000e+00 0.00000000e+00 0.00000000e+00
 0.00000000e+00 5.00000000e+00 5.00000000e+00 5.00000000e+00
 0.00000000e+00 0.00000000e+00 5.00000000e+00 0.00000000e+00
 2.36000000e+02 2.55000000e+02 2.49000000e+02 2.55000000e+02
 2.55000000e+02 2.49000000e+02 2.31000000e+02 1.23000000e+02
 1.91000000e+02 2.49000000e+02 2.49000000e+02 1.24000000e+02
 5.00000000e+00 0.00000000e+00 5.00000000e+00 0.00000000e+00
 0.00000000e+00 5.00000000e+00 0.00000000e+00 0.00000000e+00
 0.00000000e+00 0.00000000e+00 5.00000000e+00 5.00000000e+00
 0.00000000e+00 5.00000000e+00 0.00000000e+00 0.00000000e+00
 2.02000000e+02 2.55000000e+02 2.55000000e+02 2.40000000e+02
 2.33000000e+02 1.26000000e+02 1.20000000e+01 4.10000000e+01
 2.42000000e+02 2.55000000e+02 1.94000000e+02 1.90000000e+01
 0.00000000e+00 0.00000000e+00 5.00000000e+00 0.00000000e+00
 5.00000000e+00 5.00000000e+00 0.00000000e+00 5.00000000e+00
 0.00000000e+00 5.00000000e+00 5.00000000e+00 5.00000000e+00
 0.00000000e+00 0.00000000e+00 0.00000000e+00 0.00000000e+00
 1.10000000e+01 9.00000000e+01 8.30000000e+01 3.50000000e+01
 0.00000000e+00 5.00000000e+00 7.00000000e+00 1.78000000e+02
 2.49000000e+02 2.47000000e+02 4.30000000e+01 0.00000000e+00
 5.00000000e+00 5.00000000e+00 5.00000000e+00 0.00000000e+00
 5.00000000e+00 5.00000000e+00 0.00000000e+00 0.00000000e+00
 0.00000000e+00 5.00000000e+00 0.00000000e+00 0.00000000e+00
 0.00000000e+00 0.00000000e+00 0.00000000e+00 5.00000000e+00
 5.00000000e+00 0.00000000e+00 0.00000000e+00 0.00000000e+00
 5.00000000e+00 0.00000000e+00 9.00000000e+01 2.55000000e+02
 2.49000000e+02 1.60000000e+02 0.00000000e+00 5.00000000e+00
 5.00000000e+00 5.00000000e+00 5.00000000e+00 5.00000000e+00
 5.00000000e+00 5.00000000e+00 0.00000000e+00 5.00000000e+00
 3.41583633e+00 0.00000000e+00 5.00000000e+00 0.00000000e+00
 0.00000000e+00 5.00000000e+00 5.00000000e+00 5.00000000e+00
 5.00000000e+00 5.00000000e+00 5.00000000e+00 5.00000000e+00
 0.00000000e+00 2.30000000e+01 2.15000000e+02 2.55000000e+02
 2.20000000e+02 1.10000000e+01 5.00000000e+00 0.00000000e+00
 0.00000000e+00 0.00000000e+00 5.00000000e+00 0.00000000e+00
 5.00000000e+00 0.00000000e+00 0.00000000e+00 5.00000000e+00
 0.00000000e+00 5.00000000e+00 5.00000000e+00 0.00000000e+00
 0.00000000e+00 5.00000000e+00 0.00000000e+00 0.00000000e+00
 5.00000000e+00 5.00000000e+00 5.00000000e+00 5.00000000e+00
 5.00000000e+00 2.02000000e+02 2.49000000e+02 2.49000000e+02
 9.40000000e+01 0.00000000e+00 0.00000000e+00 0.00000000e+00
 0.00000000e+00 0.00000000e+00 0.00000000e+00 0.00000000e+00
 0.00000000e+00 0.00000000e+00 0.00000000e+00 0.00000000e+00
 0.00000000e+00 5.00000000e+00 5.00000000e+00 0.00000000e+00
 0.00000000e+00 0.00000000e+00 0.00000000e+00 0.00000000e+00
 5.00000000e+00 5.00000000e+00 0.00000000e+00 5.00000000e+00
 3.90000000e+01 2.47000000e+02 2.55000000e+02 1.74000000e+02
 0.00000000e+00 5.00000000e+00 0.00000000e+00 0.00000000e+00
 0.00000000e+00 0.00000000e+00 0.00000000e+00 0.00000000e+00
 0.00000000e+00 0.00000000e+00 0.00000000e+00 0.00000000e+00
 4.21216536e+00 0.00000000e+00 0.00000000e+00 0.00000000e+00
 0.00000000e+00 0.00000000e+00 0.00000000e+00 0.00000000e+00
 5.00000000e+00 0.00000000e+00 0.00000000e+00 2.20000000e+01
 2.28000000e+02 2.49000000e+02 2.30000000e+02 3.50000000e+01
 0.00000000e+00 0.00000000e+00 0.00000000e+00 0.00000000e+00
 0.00000000e+00 0.00000000e+00 0.00000000e+00 0.00000000e+00
 0.00000000e+00 0.00000000e+00 0.00000000e+00 5.00000000e+00
 0.00000000e+00 0.00000000e+00 0.00000000e+00 0.00000000e+00
 0.00000000e+00 0.00000000e+00 0.00000000e+00 0.00000000e+00
 0.00000000e+00 0.00000000e+00 0.00000000e+00 7.20000000e+01
 2.49000000e+02 2.50000000e+02 1.32000000e+02 0.00000000e+00
 0.00000000e+00 5.00000000e-01 5.00000000e+00 0.00000000e+00
 5.00000000e+00 0.00000000e+00 0.00000000e+00 0.00000000e+00
 0.00000000e+00 0.00000000e+00 5.00000000e+00 0.00000000e+00
 0.00000000e+00 5.00000000e+00 5.00000000e+00 0.00000000e+00
 0.00000000e+00 5.00000000e+00 5.00000000e+00 0.00000000e+00
 0.00000000e+00 5.00000000e+00 4.90000000e+01 2.33000000e+02
 2.49000000e+02 2.43000000e+02 4.80000000e+01 5.00000000e+00
 0.00000000e+00 5.00000000e+00 5.00000000e+00 0.00000000e+00
 0.00000000e+00 0.00000000e+00 0.00000000e+00 0.00000000e+00
 0.00000000e+00 0.00000000e+00 5.00000000e+00 0.00000000e+00
 1.14474501e+00 2.24619476e+00 5.00000000e+00 0.00000000e+00
 0.00000000e+00 0.00000000e+00 5.00000000e+00 5.00000000e+00
 0.00000000e+00 1.60000000e+01 1.88000000e+02 2.49000000e+02
 2.49000000e+02 2.26000000e+02 4.60000000e+01 0.00000000e+00
 5.00000000e+00 5.00000000e+00 0.00000000e+00 5.00000000e+00
 0.00000000e+00 0.00000000e+00 0.00000000e+00 0.00000000e+00
 0.00000000e+00 0.00000000e+00 0.00000000e+00 2.83254569e+00
 4.72571701e+00 9.78242392e-02 5.00000000e+00 0.00000000e+00
 0.00000000e+00 0.00000000e+00 0.00000000e+00 0.00000000e+00
 5.00000000e+00 1.08000000e+02 2.49000000e+02 2.55000000e+02
 2.35000000e+02 4.30000000e+01 0.00000000e+00 5.00000000e+00
 0.00000000e+00 0.00000000e+00 0.00000000e+00 5.00000000e+00
 5.00000000e+00 0.00000000e+00 0.00000000e+00 0.00000000e+00
 5.00000000e+00 0.00000000e+00 0.00000000e+00 1.95744509e+00
 1.72702441e+00 3.91024161e+00 0.00000000e+00 5.00000000e+00
 5.00000000e+00 0.00000000e+00 4.50000000e+00 5.00000000e+00
 0.00000000e+00 1.05000000e+02 2.34000000e+02 1.31000000e+02
 2.00000000e+01 0.00000000e+00 0.00000000e+00 5.00000000e+00
 5.00000000e+00 0.00000000e+00 5.00000000e+00 5.00000000e+00
 0.00000000e+00 0.00000000e+00 5.00000000e+00 0.00000000e+00
 0.00000000e+00 0.00000000e+00 5.00000000e+00 7.24518850e-01
 3.17784279e-01 4.54786323e+00 4.33847060e+00 5.00000000e+00
 0.00000000e+00 0.00000000e+00 0.00000000e+00 0.00000000e+00
 5.00000000e+00 5.00000000e+00 0.00000000e+00 0.00000000e+00
 0.00000000e+00 5.00000000e+00 0.00000000e+00 0.00000000e+00
 0.00000000e+00 0.00000000e+00 0.00000000e+00 5.00000000e+00
 0.00000000e+00 0.00000000e+00 5.00000000e+00 0.00000000e+00
 5.00000000e+00 0.00000000e+00 2.52564572e+00 1.47483475e+00
 2.70786128e+00 3.55198654e+00 1.78843785e+00 5.50068032e-01
 5.00000000e+00 5.00000000e+00 0.00000000e+00 5.00000000e+00
 5.00000000e+00 5.00000000e+00 5.00000000e+00 0.00000000e+00
 0.00000000e+00 5.00000000e+00 5.00000000e+00 5.00000000e+00
 5.00000000e+00 5.00000000e+00 0.00000000e+00 5.00000000e+00
 5.00000000e+00 5.00000000e+00 5.00000000e+00 5.00000000e+00
 2.82310343e+00 3.15701310e+00 2.43807825e+00 2.97434242e+00]
37.51370072364807 seconds
img 21
Proc 3
Proc 4
Proc 8
Proc 1
Proc 5
Proc 6
Proc 0
Proc 2
Proc 7
No attacks
79.65266990661621 seconds
img 22
Proc 1
Proc 5
Proc 0
Proc 6
Proc 7
Proc 2
Proc 4
Proc 3
Proc 8
No attacks
81.12685489654541 seconds
img 23
Proc 4
Proc 0
Proc 2
Proc 7
Proc 6
Proc 5
Proc 8
Proc 3
Proc 1
No attacks
80.57674145698547 seconds
img 24
Proc 6
Proc 3
Proc 7
Proc 8
Proc 2
Proc 4
Proc 1
Proc 0
Proc 5
No attacks
80.73133492469788 seconds
