netname  sigmoid_tanh_models/tansig_200_50_onnx.onnx  epsilon  12.0  domain  deeppoly  dataset  mnist args complete  False  complete  False  timeout_lp  1
This network has 250 neurons.
concrete  [1.1504627351345815, -1.3918205973978943, 0.059670967224422666, 0.9981597947245118, -3.5321759111028017, -2.8914135886108423, -6.241049916389551, 10.21214546319369, -0.8787045831453467, 2.087063957038752]
nlb  [-23.002732115650353, -26.105131563899544, -28.815944636158886, -26.485721577723506, -22.60296644213043, -26.783551174038628, -23.629211880738325, -21.687155984115694, -23.80390587492276, -23.539478399496506]  nub  [22.92775222608882, 26.1341988536208, 27.22627288292221, 26.181996756768207, 22.383944481094577, 26.177394515602618, 23.467935808712948, 19.716151626197195, 24.333678466288326, 24.085474650662327] adv labels  [0]
img 0 UNKNOWN
0.09660148620605469 seconds
concrete  [-2.328584356078833, 2.7397291218343973, 9.472334984520208, -2.0029022528246174, -5.792594737722321, -1.001620258871197, 1.0915884126981088, -10.269210178504077, -0.20208830603685268, -10.00775787975925]
nlb  [-23.002719841429563, -26.105118326736, -28.81591312045806, -26.485691181154923, -22.60295943959452, -26.78352504609674, -23.629193179582725, -21.68715313765671, -23.803890162551795, -23.539471654177703]  nub  [22.927743173628677, 26.134185899944235, 27.226260346382062, 26.181988593298826, 22.383910350461065, 26.17738388180105, 23.467915577265863, 19.71613057047053, 24.333667775285928, 24.085448368466135] adv labels  [0]
img 1 UNKNOWN
0.12686777114868164 seconds
concrete  [-7.212337207988272, 9.431929213173719, -1.8755149035464345, -3.357264094055881, -1.6515136133091708, -2.5568544747171114, -2.6688494668959692, -0.43803084934000186, -0.7178940556243, -4.439436461016338]
nlb  [-23.00273216506333, -26.10513160365773, -28.815944656613045, -26.4857216280575, -22.602966463104035, -26.783551193875134, -23.62921189692436, -21.687156007552808, -23.8039059065101, -23.539478422984065]  nub  [22.927752241394487, 26.134198874126167, 27.226272925604384, 26.181996772893203, 22.383944501997565, 26.17739454669609, 23.467935854462805, 19.716151640661014, 24.333678486208118, 24.085474671674714] adv labels  [0]
img 2 UNKNOWN
0.09848499298095703 seconds
concrete  [9.72559425273629, -1.319785905830882, 1.4395364397117971, -1.7346564660158414, -5.359422380110726, -0.2766016871434781, 1.8446922870662201, -0.35702628935839315, -3.6205928403559495, 1.3168701154323097]
nlb  [-23.002704819684233, -26.105078204596417, -28.815886414022874, -26.485663436565368, -22.602953003804153, -26.78350017996035, -23.62917015464851, -21.687109761200105, -23.803877821987736, -23.53946124518079]  nub  [22.9277385720531, 26.13418104795522, 27.22625711607574, 26.18197811362988, 22.38389671644135, 26.177379537448225, 23.467919160481813, 19.716141352892585, 24.333663575737393, 24.08543467908399] adv labels  [1]
img 3 UNKNOWN
0.12070655822753906 seconds
concrete  [-1.1820584354951553, -2.811433181320082, -2.5950495521911496, -4.348861330588126, 10.092691438838377, -1.4097726050381016, -0.8477710777128193, 1.6552077430178405, -0.7944594349776822, 1.9150145986335239]
nlb  [-23.00273211229954, -26.10513154601991, -28.815944590929877, -26.48572156171678, -22.602966424859474, -26.78355113424988, -23.629211860604013, -21.68715594382488, -23.80390586365352, -23.53947837484548]  nub  [22.927752193205468, 26.13419880006371, 27.22627286975223, 26.181996718140205, 22.383944452129388, 26.177394482301057, 23.467935789096146, 19.71615160102813, 24.333678425305006, 24.085474612546488] adv labels  [0]
img 4 UNKNOWN
0.09520149230957031 seconds
concrete  [-5.689854000983252, 9.196886917551588, -2.8727653789963346, -1.987204261344512, -1.9824973316153616, -4.10082534302785, -3.458177956394124, 1.2451544838896151, -1.090129130991169, -2.137399458468193]
nlb  [-23.002732164429595, -26.105131602780965, -28.81594465572939, -26.485721627119524, -22.602966462517696, -26.783551192938077, -23.629211896219566, -21.687156006958006, -23.80390590572298, -23.5394784222256]  nub  [22.927752240605955, 26.134198873303056, 27.22627292455053, 26.181996772077245, 22.38394450115732, 26.17739454596518, 23.467935853657217, 19.71615163999455, 24.333678485510138, 24.085474670784574] adv labels  [0]
img 5 UNKNOWN
0.12328577041625977 seconds
concrete  [-3.613707075099137, -0.019290623955116964, -3.0077440385544194, -3.8309495895072327, 8.92780246208911, 0.15928720617409176, -1.726912028413337, 0.19179691200142096, 1.7259277840749032, 1.2660859349929032]
nlb  [-23.002732145388347, -26.105131574322467, -28.815944623093483, -26.485721604711618, -22.60296643649656, -26.7835511675017, -23.629211876641637, -21.687155984104876, -23.803905877319135, -23.539478400749445]  nub  [22.927752213126276, 26.13419884551915, 27.226272900224412, 26.18199674470122, 22.383944486500862, 26.177394521800924, 23.467935829402787, 19.7161516206541, 24.33367846269228, 24.08547464635297] adv labels  [0]
img 6 UNKNOWN
0.11437630653381348 seconds
concrete  [-3.8701660012455985, -2.002304985148854, -1.8024778308762595, 1.0068121341818128, 0.6784375204979125, -1.4599391075082488, -1.7857729694900275, 1.6916493132758172, -1.5564505930403119, 7.437216662808411]
nlb  [-23.002732060490295, -26.105131401410524, -28.815944519824864, -26.48572144800967, -22.60296634231273, -26.783550976622987, -23.629211734315255, -21.687155881210526, -23.803905754838073, -23.539478240925103]  nub  [22.927751995226924, 26.13419870339762, 27.22627264783552, 26.18199660170336, 22.383944342012587, 26.177394384601705, 23.46793566731713, 19.716151481318704, 24.33367825420389, 24.085474546579892] adv labels  [0]
img 7 UNKNOWN
0.13199543952941895 seconds
concrete  [-0.041754394424250774, -5.7624599207381, -1.2210484077078418, -6.15134883460451, 2.3489056127801935, 4.335397365235791, 3.7876044142943246, -7.467291231317517, 0.3714187929037335, -2.856713317512287]
nlb  [-23.002730103415892, -26.10512552361165, -28.81593712860376, -26.48571871859952, -22.602964599469168, -26.783549098259947, -23.629209713697286, -21.687154315984763, -23.80390391202578, -23.539476319597515]  nub  [22.927744803983042, 26.134195673257558, 27.226269953424342, 26.18198865704481, 22.383941838846237, 26.177392025524, 23.46793014860418, 19.71614427073596, 24.333670552320104, 24.085466537194527] adv labels  [0]
img 8 UNKNOWN
0.10180354118347168 seconds
concrete  [-4.45249681580511, 0.07156624484909324, -6.440980825618467, 0.48322051884558903, 3.418698632476423, -3.4801038068840597, -2.7847526038910826, 1.786142127498937, -0.14444838947109606, 8.294994032015907]
nlb  [-23.0027313272845, -26.105130453193922, -28.815943500881193, -26.485720595624553, -22.602965700035554, -26.78354991802499, -23.629211198944553, -21.68715492643497, -23.803905051621367, -23.539477510894564]  nub  [22.92775164080229, 26.134197949691604, 27.226271779850368, 26.18199566990205, 22.38394343865675, 26.177393869017287, 23.467935012353834, 19.716151186464085, 24.33367750005146, 24.085473854537753] adv labels  [0]
img 9 UNKNOWN
0.10985898971557617 seconds
concrete  [10.90808977166956, -3.93063111348541, -2.007990710139927, -3.092944952970279, -2.0004346950298366, 2.8446029671666744, -0.7928771466771454, 1.0212980785193337, -1.3732253170822113, 0.3597331546589121]
nlb  [-23.002730948093138, -26.105129903300153, -28.815941586390856, -26.485720408633917, -22.60296576015282, -26.783547564410444, -23.62920862281395, -21.68715525762859, -23.80390384750334, -23.53947747208024]  nub  [22.927751293155126, 26.134198143289023, 27.226271937689486, 26.181995856684818, 22.383943474705553, 26.17739380184983, 23.467934812049595, 19.716151028498565, 24.333677738534675, 24.085473905323333] adv labels  [1]
img 10 UNKNOWN
0.09461402893066406 seconds
concrete  [-1.7781401298910564, -0.4463035443825981, -2.4990644194051312, -4.1340316393572865, -3.19843247559063, -5.003342797462655, 7.254513416627996, -5.815331584114568, 0.6661242508878045, -3.831668516566316]
nlb  [-23.00273204159344, -26.105131344642224, -28.81594445229419, -26.485721297671894, -22.602966397230077, -26.783551021769895, -23.629211748937752, -21.687155755047396, -23.80390583265427, -23.53947832307215]  nub  [22.927752158208172, 26.134198760562423, 27.22627280180825, 26.181996646013324, 22.383944233502035, 26.177394437960526, 23.467935746626328, 19.716151576796154, 24.333678318507875, 24.085474452599968] adv labels  [0]
img 11 UNKNOWN
0.13536834716796875 seconds
concrete  [-2.9166363505256685, -1.888278578732604, -4.924148740997089, -0.03910353794672389, 0.6478900875854787, -5.142126475175976, -3.7129171777035275, 2.494133351511244, -1.3003338273621214, 9.760084831708891]
nlb  [-23.002732141830045, -26.105131574882996, -28.81594463013869, -26.485721597382902, -22.60296644263312, -26.783551156130986, -23.62921187818109, -21.687155983252605, -23.803905881852952, -23.539478392873985]  nub  [22.927752212228068, 26.13419884029626, 27.22627288412613, 26.18199673897337, 22.383944474235737, 26.177394520950976, 23.467935816960054, 19.716151619217975, 24.33367844737818, 24.08547464486389] adv labels  [0]
img 12 UNKNOWN
0.12598013877868652 seconds
concrete  [12.078837175587157, -3.9479286670264013, -3.437064589069647, -5.525481694625011, -1.6146258418262631, -0.3813969220398353, -1.0442039354302557, 2.907387532803422, -0.3822092678335098, 2.380250673807624]
nlb  [-23.002731020944136, -26.105130637596478, -28.81594362677965, -26.485720460078703, -22.602965583490708, -26.7835501175819, -23.629211189909125, -21.687155205762473, -23.803904971728016, -23.539477650400723]  nub  [22.927751664192314, 26.134197805202575, 27.226271925152908, 26.18199579472771, 22.383943654238927, 26.177393922706262, 23.467934778909154, 19.71615099514657, 24.333677737605115, 24.085473799930444] adv labels  [1]
img 13 UNKNOWN
0.12285876274108887 seconds
concrete  [-5.684537254264293, 12.157898700363216, -2.3593792744214386, 1.8004382189936683, -3.926457312721374, -2.9337699562119934, -0.4911721850067212, -4.682270107351468, 0.1023501931301094, -2.901459692893626]
nlb  [-23.002732161155546, -26.10513159870874, -28.81594465211144, -26.48572162263855, -22.602966459432118, -26.78355118863926, -23.629211891415906, -21.68715600380316, -23.803905901662517, -23.539478416849853]  nub  [22.92775223727832, 26.134198869231724, 27.22627291941728, 26.18199676842756, 22.38394449562564, 26.17739454116064, 23.46793585016644, 19.71615163666213, 24.333678481946247, 24.085474667739966] adv labels  [0]
img 14 UNKNOWN
0.11317610740661621 seconds
concrete  [-0.91674756048234, -3.066396948021142, -2.0117762588101695, 3.0477172048563848, -2.4167120358880267, 6.530431157469867, -2.411814337256509, -0.37503365593908355, 1.2582251594961436, -2.1833120611283072]
nlb  [-23.002732161176688, -26.105131598702435, -28.815944650372465, -26.48572162357543, -22.602966458900664, -26.783551188401763, -23.629211892620347, -21.6871560045481, -23.803905901463466, -23.53947841995861]  nub  [22.927752238150358, 26.1341988707979, 27.226272921280962, 26.181996768058493, 22.383944498523846, 26.17739454279623, 23.467935850487788, 19.71615163708303, 24.33367848270786, 24.08547466763645] adv labels  [0]
img 15 UNKNOWN
0.11714601516723633 seconds
concrete  [-2.4300778717751763, -3.48586007792494, -3.489421522213894, -2.82770989317828, 1.6062636382187583, -4.914489772505349, -1.8428648119983464, 1.186214084005576, -1.9783562124580396, 8.695729335364557]
nlb  [-23.002732117641354, -26.10513155536488, -28.815944612484063, -26.485721575147654, -22.60296643088113, -26.783551150562573, -23.629211870802756, -21.6871559474213, -23.803905874227862, -23.539478382685978]  nub  [22.92775220732344, 26.13419881516653, 27.226272887448086, 26.181996732124095, 22.383944460819553, 26.177394504040688, 23.467935806993985, 19.716151616621545, 24.33367844048255, 24.085474630307793] adv labels  [0]
img 16 UNKNOWN
0.12208223342895508 seconds
concrete  [0.676836157040458, -0.553048583624231, -0.6811544060291085, 3.1231779485822027, -0.6039226514832858, -4.104093989477588, -7.0773720693580895, 11.55593589287965, -2.822120752187292, 2.819892340402506]
nlb  [-23.002731879867152, -26.105131378723865, -28.81594453351891, -26.48572132754885, -22.602966335897765, -26.78355107249631, -23.629211800211824, -21.68715581957163, -23.8039057370829, -23.539478282609007]  nub  [22.927752150943885, 26.134198728542405, 27.226272667216186, 26.18199667267688, 22.38394430592964, 26.177394345295106, 23.467935581857915, 19.7161515731563, 24.333678355255447, 24.085474532883342] adv labels  [0]
img 17 UNKNOWN
0.12404537200927734 seconds
concrete  [-2.939761707973091, -1.4464385204859007, 0.21958068612170023, 7.235005519344083, -0.6032256033746994, 1.5197327337896303, -0.7071102347706041, -0.07245784728386451, 2.8201768920877863, -1.806565144278236]
nlb  [-23.002729979392527, -26.10512902804749, -28.815940754493596, -26.485715435224733, -22.6029638695885, -26.783546713398106, -23.629208827150194, -21.687153643210635, -23.803903835171432, -23.539476435563763]  nub  [22.927744726856886, 26.13419268009808, 27.226266427090902, 26.181994661525486, 22.383940780684377, 26.177391991444228, 23.46792835495389, 19.716142911624456, 24.333669139687782, 24.0854701583758] adv labels  [0]
img 18 UNKNOWN
0.12834739685058594 seconds
concrete  [-2.795780331692584, 2.322510738036462, -4.321809115037318, -4.700618297059779, 12.087650318046903, 0.5121983767150439, -0.510853102347057, 0.6734823078436099, -0.6182201945710706, 1.6838650137474505]
nlb  [-23.002732164347236, -26.105131602765695, -28.81594465559946, -26.48572162730582, -22.60296646241336, -26.783551192982657, -23.629211896258802, -21.687156006876673, -23.803905905697867, -23.539478422185255]  nub  [22.927752240701725, 26.134198873281367, 27.226272924761645, 26.18199677205169, 22.383944501386978, 26.177394545826477, 23.46793585371844, 19.716151639959136, 24.33367848546899, 24.085474670887248] adv labels  [0]
img 19 UNKNOWN
0.14513540267944336 seconds
concrete  [-1.243609801448646, -0.7478962808399368, -7.123185285067516, 2.4471810127021283, -0.11069805950202988, -0.27274949686156164, -4.576831627979759, 4.435716033497449, 0.07627626281904065, 8.49489572382982]
nlb  [-23.002731226431997, -26.105130730571695, -28.81594401118045, -26.485720615752737, -22.602965860238637, -26.78354972216013, -23.629211299788448, -21.68715504775814, -23.803905235376313, -23.539477108901572]  nub  [22.927751401554023, 26.134197689707843, 27.22627120781389, 26.181995550990745, 22.38394339749775, 26.177393722943773, 23.46793460005912, 19.716151286597682, 24.333676902376528, 24.085474120085482] adv labels  [0]
img 20 UNKNOWN
0.12686657905578613 seconds
concrete  [-2.444690899215853, -2.7841224477690436, -1.9669661987997238, -5.9512381811671045, -1.4388779186548994, 1.0640384475119453, 8.916141478664887, -7.572674897346047, -2.1850413182987336, -1.1130563414331605]
nlb  [-23.002732148745203, -26.1051315834444, -28.815944635069666, -26.485721585722747, -22.602966447633882, -26.7835511637185, -23.629211878679417, -21.68715599309328, -23.803905890569993, -23.539478405490406]  nub  [22.92775217655817, 26.13419882954922, 27.226272866129026, 26.18199675042549, 22.383944470607286, 26.177394527387516, 23.467935785435415, 19.716151561228145, 24.333678403783342, 24.085474642689565] adv labels  [0]
img 21 UNKNOWN
0.11574649810791016 seconds
concrete  [-1.229057205140639, 1.1618182697140491, -1.3504675316714236, -3.1064156841829083, 1.1749795372592198, -5.498096091272716, 7.076142830948108, -2.326921406571358, 0.12344132878867806, -3.8141597653914006]
nlb  [-23.00273214324294, -26.105131572934372, -28.81594462304786, -26.485721598889235, -22.602966445247798, -26.78355115272171, -23.62921186801401, -21.687155979338556, -23.803905886499063, -23.539478393400035]  nub  [22.927752211224448, 26.134198838964263, 27.2262728869505, 26.181996738498693, 22.383944470979678, 26.17739451602936, 23.467935820871, 19.71615162327, 24.333678442419565, 24.08547464618742] adv labels  [0]
img 22 UNKNOWN
0.11287236213684082 seconds
concrete  [-2.1450172416378157, -1.7948448992257524, -2.086395674202729, -1.3375691918783965, 1.6473376729864644, 11.351004832984646, 0.8437080239547872, -6.629869136179146, -1.5730338342176098, -2.529073163974555]
nlb  [-23.00273216187137, -26.105131599351218, -28.815944652306282, -26.485721623576623, -22.602966459765973, -26.78355118910034, -23.629211893064973, -21.687156004226335, -23.803905903025978, -23.53947841964134]  nub  [22.927752236683236, 26.134198869354588, 27.22627292136861, 26.18199676810456, 22.383944498152136, 26.177394542826335, 23.46793585008049, 19.716151636658484, 24.333678480668773, 24.0854746671355] adv labels  [0]
img 23 UNKNOWN
0.09904694557189941 seconds
concrete  [-2.2670309848007895, 0.1758890003059864, -3.5704662380866545, -5.2756000307499855, 9.706736518934552, -0.38361263094015136, -0.6550051429508904, 0.5649678149368231, -1.701947108214025, 1.2793850039662722]
nlb  [-23.002732165111873, -26.105131603726793, -28.81594465667144, -26.485721628124697, -22.602966463154942, -26.783551193953144, -23.629211896987893, -21.687156007586072, -23.803905906572812, -23.539478423031216]  nub  [22.927752241448076, 26.134198874185927, 27.226272925677247, 26.181996772942295, 22.3839445020595, 26.17739454674507, 23.467935854512046, 19.716151640710358, 24.333678486239034, 24.08547467174338] adv labels  [0]
img 24 UNKNOWN
0.10699796676635742 seconds
analysis precision  0 /  25
