netname  sigmoid_tanh_models/tansig_200_50_onnx.onnx  epsilon  5.0  domain  deeppoly  dataset  mnist args complete  False  complete  False  timeout_lp  1
This network has 250 neurons.
concrete  [1.1504627351345815, -1.3918205973978943, 0.059670967224422666, 0.9981597947245118, -3.5321759111028017, -2.8914135886108423, -6.241049916389551, 10.21214546319369, -0.8787045831453467, 2.087063957038752]
nlb  [-22.834254848797116, -25.96294560713277, -28.778163740564104, -26.29903703736478, -22.557580125726926, -26.763237644218734, -23.61736907804449, -21.61977733018556, -23.73147914580739, -23.4991869550661]  nub  [22.920797237197316, 26.121058068009432, 27.120089250671565, 26.176022902801783, 22.321230994012993, 26.12227604315528, 23.330795318924572, 19.702239638092905, 24.322756310785625, 24.03791198519579] adv labels  [0]
img 0 UNKNOWN
0.11906862258911133 seconds
concrete  [-2.328584356078833, 2.7397291218343973, 9.472334984520208, -2.0029022528246174, -5.792594737722321, -1.001620258871197, 1.0915884126981088, -10.269210178504077, -0.20208830603685268, -10.00775787975925]
nlb  [-22.56381220147605, -25.589933401477726, -28.00671399862823, -25.470158927573443, -22.349102557938586, -26.05208678308925, -23.150826443271704, -21.617538423647606, -23.273025000470966, -23.388769667356]  nub  [22.624758777496716, 25.826006386148794, 26.591396085031736, 25.81361594756297, 21.563012034478774, 25.766496367168624, 22.82299690156401, 18.978275107120066, 23.998005367367956, 22.952801101395544] adv labels  [0]
img 1 UNKNOWN
0.13046956062316895 seconds
concrete  [-7.212337207988272, 9.431929213173719, -1.8755149035464345, -3.357264094055881, -1.6515136133091708, -2.5568544747171114, -2.6688494668959692, -0.43803084934000186, -0.7178940556243, -4.439436461016338]
nlb  [-23.002719508737346, -26.10510802900548, -28.81592372688858, -26.48569981130272, -22.6029528556844, -26.783529825099414, -23.62919639021328, -21.687139110082565, -23.803891493039554, -23.53946300184612]  nub  [22.927732406551485, 26.13418072111326, 27.226249108466536, 26.18197527676252, 22.383922041257087, 26.17737600461959, 23.467915227145195, 19.716135629628734, 24.333656435253477, 24.085449703258604] adv labels  [0]
img 2 UNKNOWN
0.12617063522338867 seconds
concrete  [9.72559425273629, -1.319785905830882, 1.4395364397117971, -1.7346564660158414, -5.359422380110726, -0.2766016871434781, 1.8446922870662201, -0.35702628935839315, -3.6205928403559495, 1.3168701154323097]
nlb  [-22.586386699553724, -25.580188553289986, -28.250358023508554, -25.965669567814555, -22.38588763142152, -26.44587199716535, -22.93383086382183, -21.223455682238196, -23.66845689172919, -23.284734152736323]  nub  [22.76133052057053, 25.66583791307608, 27.079284019368156, 25.64120434476046, 21.944655815311275, 25.701352964281856, 23.32084049731913, 19.502906470101603, 23.53787345034244, 23.63585745722605] adv labels  [1]
img 3 UNKNOWN
0.14085054397583008 seconds
concrete  [-1.1820584354951553, -2.811433181320082, -2.5950495521911496, -4.348861330588126, 10.092691438838377, -1.4097726050381016, -0.8477710777128193, 1.6552077430178405, -0.7944594349776822, 1.9150145986335239]
nlb  [-22.975742902674853, -26.053761515758435, -28.781280799255594, -26.42414492433148, -22.586599467461962, -26.76201689222323, -23.61728131004509, -21.63031966901022, -23.792464561064982, -23.522470153491064]  nub  [22.91116149793308, 26.10763377610628, 27.209201630507543, 26.157661347720595, 22.338160237598824, 26.155739933685357, 23.44260274692897, 19.703970001530006, 24.311618188847373, 24.03766887471807] adv labels  [0]
img 4 UNKNOWN
0.10100245475769043 seconds
concrete  [-5.689854000983252, 9.196886917551588, -2.8727653789963346, -1.987204261344512, -1.9824973316153616, -4.10082534302785, -3.458177956394124, 1.2451544838896151, -1.090129130991169, -2.137399458468193]
nlb  [-23.002073300062467, -26.10340039528957, -28.814810015081232, -26.484061367443562, -22.602369037439342, -26.782712310182372, -23.628615783672668, -21.68584543130893, -23.803331617877586, -23.538847635705647]  nub  [22.92681927083287, 26.133597852030565, 27.22534896652598, 26.18105839748809, 22.382503958054293, 26.17651050166059, 23.467085316179887, 19.715490342303735, 24.33284670589812, 24.083897080974264] adv labels  [0]
img 5 UNKNOWN
0.10000109672546387 seconds
concrete  [-3.613707075099137, -0.019290623955116964, -3.0077440385544194, -3.8309495895072327, 8.92780246208911, 0.15928720617409176, -1.726912028413337, 0.19179691200142096, 1.7259277840749032, 1.2660859349929032]
nlb  [-22.94825489865147, -26.06178212493616, -28.77724419237301, -26.45921069915857, -22.553978945279788, -26.707637926720352, -23.570703396355746, -21.653416790204876, -23.76678336362498, -23.462557712874194]  nub  [22.891150535632775, 26.06472296105349, 27.134930808205734, 26.1130489353913, 22.35234761657928, 26.149648741361396, 23.431943227438556, 19.684068455312843, 24.29655306370474, 24.05268019953968] adv labels  [0]
img 6 UNKNOWN
0.13135933876037598 seconds
concrete  [-3.8701660012455985, -2.002304985148854, -1.8024778308762595, 1.0068121341818128, 0.6784375204979125, -1.4599391075082488, -1.7857729694900275, 1.6916493132758172, -1.5564505930403119, 7.437216662808411]
nlb  [-22.872817165126722, -25.48378350833593, -28.461539774171058, -26.305085148963688, -22.354673119025787, -26.31181811311901, -23.400770231930007, -21.36955859004233, -23.41822278179252, -23.044513685096998]  nub  [22.245618541971204, 25.895467283630676, 26.744280529557745, 25.86376475372533, 22.08639055470538, 26.007740267184072, 23.175823270911142, 19.580825941043216, 24.095888634875315, 23.97942319820298] adv labels  [0]
img 7 UNKNOWN
0.11515593528747559 seconds
concrete  [-0.041754394424250774, -5.7624599207381, -1.2210484077078418, -6.15134883460451, 2.3489056127801935, 4.335397365235791, 3.7876044142943246, -7.467291231317517, 0.3714187929037335, -2.856713317512287]
nlb  [-22.615665668896494, -25.26676666851065, -27.92242903062357, -25.518101575025987, -22.181131576446802, -26.107288975514432, -23.303152622718603, -21.413412275159068, -23.02667342746997, -23.370943226471546]  nub  [21.825428025930016, 25.275823511709213, 26.276722034618388, 25.13438559547847, 21.88390539875477, 25.89378047406063, 22.341343504129778, 18.146966554009236, 23.061775115807702, 22.2499567029606] adv labels  [0]
img 8 UNKNOWN
0.1213369369506836 seconds
concrete  [-4.45249681580511, 0.07156624484909324, -6.440980825618467, 0.48322051884558903, 3.418698632476423, -3.4801038068840597, -2.7847526038910826, 1.786142127498937, -0.14444838947109606, 8.294994032015907]
nlb  [-22.441383727999703, -25.31841054338566, -28.409323628462793, -25.783053145708198, -22.04262264223524, -25.977351378937158, -23.32498559756382, -20.763035894217598, -23.273951549349555, -22.73278290026234]  nub  [22.285986729365277, 25.415837776004167, 26.155356494791334, 25.50554291872111, 21.59288426948968, 25.786382476895266, 22.662059904811706, 19.620323214673768, 23.392836449280196, 23.814005113983782] adv labels  [0]
img 9 UNKNOWN
0.1227877140045166 seconds
concrete  [10.90808977166956, -3.93063111348541, -2.007990710139927, -3.092944952970279, -2.0004346950298366, 2.8446029671666744, -0.7928771466771454, 1.0212980785193337, -1.3732253170822113, 0.3597331546589121]
nlb  [-22.90716807692557, -25.850451905487187, -28.338437888628203, -26.289422681422177, -22.56986135775775, -26.258479493565815, -23.186586356228077, -21.512607085838624, -23.564669383070424, -23.444797032186557]  nub  [22.840431686760077, 26.05090274001506, 27.191555752228755, 26.10365787552986, 22.180258421470704, 26.139737316114154, 23.41375247352416, 19.679330807431537, 24.286736805494982, 23.943690614772397] adv labels  [1]
img 10 UNKNOWN
0.13086152076721191 seconds
concrete  [-1.7781401298910564, -0.4463035443825981, -2.4990644194051312, -4.1340316393572865, -3.19843247559063, -5.003342797462655, 7.254513416627996, -5.815331584114568, 0.6661242508878045, -3.831668516566316]
nlb  [-22.944141238567646, -26.024952681521306, -28.698778892661405, -26.413970967994825, -22.560451976910276, -26.672328193278997, -23.48566168994379, -21.6240186977332, -23.709763609661945, -23.497520178503418]  nub  [22.886797952348275, 26.029215667913256, 27.17250818939172, 26.06532396147494, 22.30373624549152, 26.10600427651297, 23.446136769347905, 19.667071123562707, 24.229581385646863, 23.97787728615961] adv labels  [0]
img 11 UNKNOWN
0.1410212516784668 seconds
concrete  [-2.9166363505256685, -1.888278578732604, -4.924148740997089, -0.03910353794672389, 0.6478900875854787, -5.142126475175976, -3.7129171777035275, 2.494133351511244, -1.3003338273621214, 9.760084831708891]
nlb  [-22.38649621753094, -25.705600740408254, -28.68787007788805, -25.999791823026055, -22.397733162381293, -26.698938024652367, -23.58203026363881, -21.52213440153907, -23.514791489464898, -23.32205796319099]  nub  [22.834373876660717, 25.98737082458713, 26.77805017310068, 26.05112029608005, 22.276591034121324, 25.93564378478041, 22.868948942927588, 19.616854354496315, 24.187517645153203, 23.964497752187942] adv labels  [0]
img 12 UNKNOWN
0.12194705009460449 seconds
concrete  [12.078837175587157, -3.9479286670264013, -3.437064589069647, -5.525481694625011, -1.6146258418262631, -0.3813969220398353, -1.0442039354302557, 2.907387532803422, -0.3822092678335098, 2.380250673807624]
nlb  [-22.742781112403556, -25.61845550806233, -28.16055141891383, -25.960163158246335, -22.54670074871339, -26.186095671028347, -23.133575681925866, -21.168592055451114, -23.544736147008443, -23.36493419602232]  nub  [22.828215974363356, 25.894010880638312, 27.140199369824877, 26.045874323434386, 21.911033603532907, 26.021765645191795, 23.330011061759723, 19.670554198760556, 24.231957484517974, 23.717035722006276] adv labels  [1]
img 13 UNKNOWN
0.12537336349487305 seconds
concrete  [-5.684537254264293, 12.157898700363216, -2.3593792744214386, 1.8004382189936683, -3.926457312721374, -2.9337699562119934, -0.4911721850067212, -4.682270107351468, 0.1023501931301094, -2.901459692893626]
nlb  [-22.999500441501795, -26.097218491740474, -28.800750351904803, -26.46505476670461, -22.584847508031554, -26.77775982305396, -23.62199295453924, -21.673942071562546, -23.77459109324524, -23.527781112266698]  nub  [22.89566784476016, 26.11525992570331, 27.204723788715718, 26.177483058075413, 22.37428302896562, 26.166197700891814, 23.454728053399606, 19.70065128096207, 24.324942975671142, 24.071772344866645] adv labels  [0]
img 14 UNKNOWN
0.12844610214233398 seconds
concrete  [-0.91674756048234, -3.066396948021142, -2.0117762588101695, 3.0477172048563848, -2.4167120358880267, 6.530431157469867, -2.411814337256509, -0.37503365593908355, 1.2582251594961436, -2.1833120611283072]
nlb  [-23.000576806852585, -26.09958394115211, -28.802774692446793, -26.481656185540306, -22.59910019823884, -26.768971077827736, -23.614227059534297, -21.68472954073603, -23.79644636310899, -23.53558175645089]  nub  [22.921646860447172, 26.129665068982813, 27.22263637194094, 26.176684313007048, 22.380228092743444, 26.174024127737095, 23.465548133299627, 19.713063244339494, 24.326311190146352, 24.08140754179238] adv labels  [0]
img 15 UNKNOWN
0.11914825439453125 seconds
concrete  [-2.4300778717751763, -3.48586007792494, -3.489421522213894, -2.82770989317828, 1.6062636382187583, -4.914489772505349, -1.8428648119983464, 1.186214084005576, -1.9783562124580396, 8.695729335364557]
nlb  [-22.967310032063775, -26.091576511633114, -28.792549789263006, -26.46927708616737, -22.58314862328745, -26.767656409057448, -23.623498549188728, -21.64476273370908, -23.78966111927691, -23.513371633906843]  nub  [22.918068940176045, 26.089848655883472, 27.21286777229489, 26.161119718750705, 22.369735422676104, 26.161141297734602, 23.431567093700945, 19.70856478955081, 24.31335914229266, 24.063731154313533] adv labels  [0]
img 16 UNKNOWN
0.11325764656066895 seconds
concrete  [0.676836157040458, -0.553048583624231, -0.6811544060291085, 3.1231779485822027, -0.6039226514832858, -4.104093989477588, -7.0773720693580895, 11.55593589287965, -2.822120752187292, 2.819892340402506]
nlb  [-22.240969015131363, -25.301550324273457, -28.48538900418, -25.406352006643875, -22.385076546807714, -26.574878579134882, -23.535303895592442, -20.938511548673446, -23.56891069000762, -23.260072086493185]  nub  [22.881586154503065, 25.91420445537598, 26.858083514494687, 26.140077702524582, 21.79414877477994, 25.935652376789044, 22.952588880258343, 19.669440170034317, 24.17977139757227, 23.63587867179598] adv labels  [0]
img 17 UNKNOWN
0.10430335998535156 seconds
concrete  [-2.939761707973091, -1.4464385204859007, 0.21958068612170023, 7.235005519344083, -0.6032256033746994, 1.5197327337896303, -0.7071102347706041, -0.07245784728386451, 2.8201768920877863, -1.806565144278236]
nlb  [-22.920706390815095, -25.86176087533549, -28.542662778735842, -26.100055548430074, -22.471998143698613, -26.35144354534612, -23.371561308640885, -21.57854146041652, -23.636048337934884, -23.393265698812527]  nub  [22.182743311737596, 25.70681553569931, 26.564672026888083, 26.01985161695, 22.073804569021718, 26.064623241467856, 22.779769846937903, 18.901793458620517, 23.453026297388874, 23.848215067970226] adv labels  [0]
img 18 UNKNOWN
0.10414958000183105 seconds
concrete  [-2.795780331692584, 2.322510738036462, -4.321809115037318, -4.700618297059779, 12.087650318046903, 0.5121983767150439, -0.510853102347057, 0.6734823078436099, -0.6182201945710706, 1.6838650137474505]
nlb  [-22.987448386206246, -26.089269547299715, -28.800103719813844, -26.464533185234117, -22.59074735256752, -26.77015211158773, -23.620234556380197, -21.662653837255554, -23.79319432203498, -23.523522016809626]  nub  [22.91538032033523, 26.112289030100793, 27.210250278969102, 26.16742072415431, 22.37114438428788, 26.16211251267964, 23.4442766850269, 19.708337312066075, 24.31650337960988, 24.07060362957663] adv labels  [0]
img 19 UNKNOWN
0.11700916290283203 seconds
concrete  [-1.243609801448646, -0.7478962808399368, -7.123185285067516, 2.4471810127021283, -0.11069805950202988, -0.27274949686156164, -4.576831627979759, 4.435716033497449, 0.07627626281904065, 8.49489572382982]
nlb  [-22.931199138242214, -26.02753035131281, -28.771341068400496, -26.38928516431223, -22.553200124319943, -26.705243829892865, -23.57890788949269, -21.608136858749052, -23.765300028518496, -23.456592175204257]  nub  [22.879927395769638, 26.06107235853509, 27.115969707488244, 26.10971668485081, 22.309604272502476, 26.11092177601412, 23.376821435355282, 19.697081198221063, 24.21123103409166, 24.051639622327777] adv labels  [0]
img 20 UNKNOWN
0.10497522354125977 seconds
concrete  [-2.444690899215853, -2.7841224477690436, -1.9669661987997238, -5.9512381811671045, -1.4388779186548994, 1.0640384475119453, 8.916141478664887, -7.572674897346047, -2.1850413182987336, -1.1130563414331605]
nlb  [-22.99530168101713, -26.09428282809218, -28.801371621191755, -26.44386445180332, -22.59100422347026, -26.75500039340945, -23.607364748253044, -21.680887130591188, -23.78635956745456, -23.52574055698128]  nub  [22.86268663949595, 26.083469541937365, 27.163122158039553, 26.160388928566572, 22.355732236258582, 26.163964586867213, 23.398529087323666, 19.625704855081143, 24.24137649712951, 24.050595918780466] adv labels  [0]
img 21 UNKNOWN
0.12912344932556152 seconds
concrete  [-1.229057205140639, 1.1618182697140491, -1.3504675316714236, -3.1064156841829083, 1.1749795372592198, -5.498096091272716, 7.076142830948108, -2.326921406571358, 0.12344132878867806, -3.8141597653914006]
nlb  [-22.968600024057974, -25.9917590547269, -28.752393477193653, -26.356887183743435, -22.575272065253166, -26.744089797340017, -23.585047656013067, -21.591681157555872, -23.782959446681573, -23.515419625987477]  nub  [22.847880243183457, 26.09186255133313, 27.17037746376503, 26.130370609522277, 22.286424187447476, 26.106633459480296, 23.41045475042315, 19.6461198535086, 24.25677836550269, 23.973842829942765] adv labels  [0]
img 22 UNKNOWN
0.10797834396362305 seconds
concrete  [-2.1450172416378157, -1.7948448992257524, -2.086395674202729, -1.3375691918783965, 1.6473376729864644, 11.351004832984646, 0.8437080239547872, -6.629869136179146, -1.5730338342176098, -2.529073163974555]
nlb  [-22.7562750423189, -25.78847046691686, -28.608699256542472, -25.903811392636662, -22.323387566804964, -26.58403950126001, -23.534886819882615, -21.654633165728455, -23.370273302339683, -23.465263605945232]  nub  [22.770375391084784, 26.02904007160316, 26.8363562098279, 26.046327643686872, 22.30886471333892, 26.03569090995883, 23.089409829759575, 19.30219783571132, 24.229412749197348, 23.489889209449245] adv labels  [0]
img 23 UNKNOWN
0.11867618560791016 seconds
concrete  [-2.2670309848007895, 0.1758890003059864, -3.5704662380866545, -5.2756000307499855, 9.706736518934552, -0.38361263094015136, -0.6550051429508904, 0.5649678149368231, -1.701947108214025, 1.2793850039662722]
nlb  [-23.001901898960984, -26.104589161054587, -28.81537822595449, -26.48449794014009, -22.602610740948336, -26.78309353312909, -23.62891528428241, -21.685295713979166, -23.80368276995892, -23.538436111698353]  nub  [22.927425412560837, 26.132374000209197, 27.225899581105264, 26.18163716595179, 22.38342537951747, 26.176194853911298, 23.46643861584907, 19.715841908591443, 24.3327620864769, 24.084955382162306] adv labels  [0]
img 24 UNKNOWN
0.10050058364868164 seconds
analysis precision  0 /  25
