netname  sigmoid_tanh_models/tansig_200_100_50_onnx.onnx  epsilon  5.0  domain  deeppoly  dataset  mnist args complete  False  complete  False  timeout_lp  1
This network has 350 neurons.
concrete  [0.6745457818770982, -5.208029158418055, -3.043956814602525, -1.4617954545886271, -1.9671964290805226, -2.043541421766528, 0.5493553623349358, 8.287141885354874, 0.8692330879475314, -2.9833336612073116]
nlb  [-25.013236731099447, -27.908871504591932, -27.138098249669365, -25.04808952092122, -23.317875323954393, -28.159526278435756, -23.72017059230356, -23.974646164029096, -24.992940821579687, -27.05276465309042]  nub  [25.892338782806206, 27.264957759943936, 25.14869416601654, 23.80163384917876, 23.25291738347917, 27.42860518928367, 22.060133432868827, 22.83575184388431, 26.47785107163521, 25.141692159734944] adv labels  [0]
img 0 UNKNOWN
0.21958422660827637 seconds
concrete  [0.4539760694155194, -3.3891102318547275, 7.24938231062413, 0.1895974606622327, -4.330628969108863, 1.3754032477724427, 2.6125024707543028, -5.416460870960309, -0.49388529461938424, -1.8432180479029836]
nlb  [-25.013236720487, -27.90887149386821, -27.138098240967995, -25.048089513117226, -23.317875317400983, -28.159526266909587, -23.720170584488457, -23.97464615464374, -24.992940811359308, -27.052764643399566]  nub  [25.892338773765932, 27.264957749344493, 25.148694157336536, 23.801633837486726, 23.252917373385973, 27.428605178381524, 22.060133425740137, 22.835751834368292, 26.477851063878866, 25.1416921489431] adv labels  [0]
img 1 UNKNOWN
0.22087764739990234 seconds
concrete  [-1.7588119474651371, 9.092921678071548, -4.930332231380821, -6.822325238606805, -3.673387583358951, -0.22593036320243506, -3.4590675000056557, -0.48448000492899096, -1.1458748111613872, -5.785561705996287]
nlb  [-25.013236732600934, -27.908871505964804, -27.138098250651847, -25.04808952189401, -23.317875324735436, -28.159526279752548, -23.72017059328731, -23.974646165066392, -24.99294082275522, -27.05276465418073]  nub  [25.892338784002938, 27.264957761063815, 25.148694167391607, 23.801633850708622, 23.252917384558838, 27.428605190591743, 22.06013343381544, 22.83575184513676, 26.47785107261119, 25.141692161173204] adv labels  [0]
img 2 UNKNOWN
0.24676084518432617 seconds
concrete  [8.520315296228215, -3.7305515754444, -2.364849299913558, -0.4585716863312837, -1.1217044884446832, -2.341173242098661, -1.0797637841064889, 0.13025315141149363, -1.4601871174055974, -2.346789893513544]
nlb  [-25.013236729859003, -27.90887150307829, -27.138098248660473, -25.048089519899257, -23.317875322946474, -28.15952627686197, -23.72017059116175, -23.974646162959882, -24.992940820350164, -27.052764651770513]  nub  [25.89233878166044, 27.264957758605203, 25.148694164725345, 23.8016338478569, 23.252917382045435, 27.428605188059578, 22.060133431804264, 22.835751842739455, 26.47785107023224, 25.141692158375786] adv labels  [1]
img 3 UNKNOWN
0.23349833488464355 seconds
concrete  [-3.8013720495436276, -2.8217255360863853, -2.529473613974318, -5.03134301604043, 6.04780494876316, -3.850723231823601, 1.0032535122890676, -1.6201121566769918, 0.7470350911260853, 0.6487094776040201]
nlb  [-25.01323673127954, -27.90887150460779, -27.138098249597245, -25.048089520901993, -23.317875323798134, -28.15952627832198, -23.720170592178263, -23.97464616395815, -24.992940821518644, -27.052764652941704]  nub  [25.892338782817955, 27.264957759820724, 25.148694166172564, 23.801633849248198, 23.252917383335003, 27.428605189344896, 22.06013343281792, 22.835751844053796, 26.477851071490264, 25.14169215981871] adv labels  [0]
img 4 UNKNOWN
0.20145273208618164 seconds
concrete  [-1.0254261293909712, 10.142291066619931, -5.558933519817608, -5.339442815098574, -3.7200612714353807, -1.3301821841042278, -4.788372054361582, -1.6038612676150126, -1.2419242928191103, -4.708466873462967]
nlb  [-25.013236732557647, -27.908871505915954, -27.13809825061544, -25.04808952185445, -23.317875324702914, -28.159526279703247, -23.720170593249655, -23.97464616503217, -24.992940822717326, -27.052764654138038]  nub  [25.89233878395847, 27.26495776102208, 25.14869416735056, 23.801633850659965, 23.2529173845194, 27.42860519054558, 22.06013343378044, 22.83575184509849, 26.477851072571053, 25.141692161128553] adv labels  [0]
img 5 UNKNOWN
0.2250533103942871 seconds
concrete  [-4.4866925274691924, -0.5901966045172402, -5.649060301838167, -5.691733991199605, 7.240512068025992, -1.8494646162846362, -1.948212009715771, -0.40736807116901547, 1.8691924953971586, 0.4054524427918724]
nlb  [-25.013236731938306, -27.90887150520022, -27.138098250004045, -25.048089521318975, -23.317875324133652, -28.159526278943037, -23.72017059261629, -23.97464616446104, -24.99294082207096, -27.052764653428216]  nub  [25.89233878328594, 27.264957760301417, 25.14869416672645, 23.80163384991541, 23.25291738385982, 27.428605189798805, 22.060133433256652, 22.83575184454417, 26.47785107197051, 25.14169216038681] adv labels  [0]
img 6 UNKNOWN
0.23003339767456055 seconds
concrete  [-1.9694120621194546, -4.030663260056692, 1.8387940611280817, -0.5608606338875851, -0.6333290416898119, 0.2979494045195937, -0.21344085457806106, -2.7340436928255833, 0.29572384079441694, 4.917561218473223]
nlb  [-25.013236732248966, -27.908871505543765, -27.13809825035668, -25.048089521583567, -23.317875324436024, -28.159526279333548, -23.720170592944516, -23.974646164760316, -24.992940822397873, -27.052764653814865]  nub  [25.892338783637843, 27.26495776071856, 25.14869416702327, 23.80163385031959, 23.252917384218847, 27.42860519020464, 22.060133433501544, 22.835751844783335, 26.477851072274653, 25.141692160798662] adv labels  [0]
img 7 UNKNOWN
0.20946407318115234 seconds
concrete  [-0.21823138503168726, -2.7572228862036976, -1.0640820162451237, -6.8118830423306616, 0.8584355258740733, 1.53603595627332, 1.2106435954042434, -1.5517242346999711, -2.9426720687808166, -0.19110293506921922]
nlb  [-25.01323673237489, -27.908871505752394, -27.138098250481082, -25.0480895217289, -23.317875324595033, -28.159526279522975, -23.720170593119057, -23.97464616488901, -24.992940822578536, -27.052764653985463]  nub  [25.892338783811176, 27.264957760874577, 25.148694167192904, 23.801633850467173, 23.252917384366018, 27.428605190390293, 22.060133433674388, 22.835751844967103, 26.477851072439034, 25.14169216094857] adv labels  [0]
img 8 UNKNOWN
0.21534132957458496 seconds
concrete  [-1.4771908108865925, -1.1335429163173019, -3.6479326584994096, -4.371283643457971, 1.4026521734732247, -0.88920694625051, -2.034574068154748, -0.9457585573567254, -1.0436191920669466, 5.522206694135884]
nlb  [-25.01323673061029, -27.908871504091767, -27.138098249277682, -25.04808952048517, -23.317875323435764, -28.159526277795173, -23.720170591701176, -23.974646163578743, -24.99294082105904, -27.052764652530968]  nub  [25.89233878229476, 27.26495775934337, 25.148694165543798, 23.801633848597287, 23.252917382864275, 27.428605188752417, 22.060133432439894, 22.835751843448122, 26.47785107106628, 25.141692159189667] adv labels  [0]
img 9 UNKNOWN
0.21070384979248047 seconds
concrete  [9.015555899410113, -3.473489030505845, -1.1477357298713007, -0.6562725475391682, -2.1199316456575854, 0.9447282532931168, -2.561344030162488, -1.6730033003167, -1.3337668046932987, -4.707828535969772]
nlb  [-25.01323672549201, -27.908871498765546, -27.138098245364926, -25.048089516593766, -23.317875320117345, -28.159526272181946, -23.72017058773026, -23.974646159460526, -24.99294081628522, -27.05276464754358]  nub  [25.892338777516073, 27.26495775464922, 25.148694160959142, 23.80163384255859, 23.25291737800619, 27.428605183591348, 22.06013342884188, 22.835751838633822, 26.47785106660672, 25.141692153938397] adv labels  [1]
img 10 UNKNOWN
0.24485492706298828 seconds
concrete  [0.6180842510395901, -3.6166667528890626, 0.32384598506244505, -0.4480535582108767, -0.9940079825205038, -1.7467533470686885, 7.143485488306847, -1.771432014762158, 0.5236450789933111, -3.3491412167084675]
nlb  [-25.013236731559306, -27.908871505003667, -27.138098249957952, -25.048089521136326, -23.31787532416194, -28.159526278700795, -23.720170592615105, -23.974646164322124, -24.992940821968144, -27.052764653305317]  nub  [25.892338783173923, 27.264957760308288, 25.14869416646168, 23.80163384967146, 23.252917383694772, 27.428605189796286, 22.060133433206033, 22.83575184442498, 26.47785107188956, 25.141692160174433] adv labels  [0]
img 11 UNKNOWN
0.22140288352966309 seconds
concrete  [-0.8716735493082601, -3.6590369546080312, -0.5785068682307141, -2.345932388814242, 0.6033464973265424, -1.0349548326700486, -0.532113647312163, -3.662826260254183, 0.26819947975037084, 7.713811599425187]
nlb  [-25.013236731773706, -27.908871505247003, -27.138098250128557, -25.04808952134964, -23.317875324184772, -28.15952627894516, -23.72017059258303, -23.97464616444471, -24.99294082206598, -27.052764653511517]  nub  [25.892338783314162, 27.26495776034795, 25.14869416666212, 23.801633849854287, 23.252917383819973, 27.428605189847577, 22.060133433268998, 22.835751844474593, 26.477851071937724, 25.14169216033518] adv labels  [0]
img 12 UNKNOWN
0.22394132614135742 seconds
concrete  [9.723008823962655, -2.02731107571008, -2.6104131222126012, -1.7039362979374324, -3.0525401823953713, -1.166595442548795, -3.298067857027134, 0.6627013520741363, -0.40209156652558237, -4.251543847941223]
nlb  [-25.013236720398456, -27.90887149317632, -27.138098241632193, -25.048089512147865, -23.31787531627662, -28.15952626598813, -23.720170582867024, -23.974646154832616, -24.99294081142991, -27.052764642396664]  nub  [25.89233877262237, 27.264957749725095, 25.14869415589733, 23.801633837223015, 23.25291737363872, 27.42860517903497, 22.060133424596263, 22.835751834223764, 26.477851062130767, 25.14169214921579] adv labels  [1]
img 13 UNKNOWN
0.2216651439666748 seconds
concrete  [-0.5000044705562516, 7.604565350519228, -2.1515778908774865, -2.6544025902111894, -5.563964352360694, -1.0482588556740058, -2.7986207438741513, -1.4334180531521106, -0.24064913180733472, -4.896246529768881]
nlb  [-25.01323673200766, -27.90887150535738, -27.138098250214433, -25.04808952147721, -23.317875324373823, -28.159526279163913, -23.720170592875082, -23.97464616460129, -24.992940822214873, -27.052764653653593]  nub  [25.89233878349925, 27.264957760517852, 25.14869416686621, 23.801633850084002, 23.25291738404405, 27.428605190047342, 22.060133433409195, 22.835751844621807, 26.47785107218237, 25.141692160558065] adv labels  [0]
img 14 UNKNOWN
0.2447514533996582 seconds
concrete  [0.07632634910214824, -4.606513394422743, -0.23307261928938172, 2.4629592513595084, -2.9454798601528807, 5.712150472687547, 1.3009471647024624, -1.1612852804218547, 1.2296131050638466, 0.00013963852822151956]
nlb  [-25.013236730810725, -27.90887150386735, -27.13809824919789, -25.04808952045978, -23.317875323449577, -28.159526277651846, -23.720170591698622, -23.974646163476894, -24.99294082102161, -27.052764652396675]  nub  [25.892338782229494, 27.264957759292248, 25.148694165660135, 23.80163384862224, 23.252917382801332, 27.42860518872669, 22.0601334323572, 22.835751843401102, 26.47785107099585, 25.141692159238605] adv labels  [0]
img 15 UNKNOWN
0.21689844131469727 seconds
concrete  [-1.7274585094808919, -3.7062435901081807, -0.49500537269584194, -3.770958503088171, 0.46556271601231164, -3.02442562777797, -0.9803233556651609, -3.082974089602238, 0.8688179016930955, 6.736700263132555]
nlb  [-25.013236731024517, -27.90887150441322, -27.138098249507408, -25.048089520808677, -23.317875323721495, -28.159526278077056, -23.720170592053538, -23.974646163786254, -24.99294082137231, -27.052764652823136]  nub  [25.892338782696438, 27.264957759651857, 25.148694165861414, 23.80163384891027, 23.2529173830714, 27.428605189092703, 22.060133432674952, 22.835751843806314, 26.4778510712858, 25.141692159591678] adv labels  [0]
img 16 UNKNOWN
0.20787906646728516 seconds
concrete  [1.24685533074556, -4.386291448938004, -2.138358053713237, -0.7055329262646175, -3.1772977244599887, -1.0268760111866806, -0.27264970301261976, 7.299656077170845, -0.465345347662694, -3.403928812214946]
nlb  [-25.01323672727487, -27.908871500791065, -27.138098246837423, -25.04808951832849, -23.317875321646074, -28.159526274659623, -23.720170589569175, -23.97464616127309, -24.99294081821683, -27.052764650012854]  nub  [25.892338779622865, 27.264957756831013, 25.148694162400474, 23.801633845223737, 23.252917380241605, 27.428605185828907, 22.060133430201432, 22.835751840727, 26.47785106884961, 25.141692155875134] adv labels  [0]
img 17 UNKNOWN
0.23450803756713867 seconds
concrete  [-0.2272321086421944, -5.195114551535864, 0.42466696556745437, 5.516224424571123, -2.007083628718009, 1.1958553214976841, 0.5009320246600617, -2.587336831728868, 4.146429857356957, -1.186301173911515]
nlb  [-25.013236365341367, -27.908871087831066, -27.138097947935552, -25.04808921303634, -23.317875078973945, -28.159525843744508, -23.72017028283841, -23.97464581575631, -24.992940419352458, -27.05276429704169]  nub  [25.892338441351736, 27.26495739083897, 25.148693801968097, 23.801633371729046, 23.25291698649572, 27.42860480839758, 22.06013308478824, 22.835751495740713, 26.47785075672144, 25.14169178126535] adv labels  [0]
img 18 UNKNOWN
0.21332478523254395 seconds
concrete  [-3.1733371447826486, -0.5098875347256117, -7.131275247956315, -5.463355436331687, 7.708561719175415, -0.8522238758811214, 0.21027782747870666, -0.2854499680900585, -0.3934830360853139, -0.20600118947551257]
nlb  [-25.01323673223705, -27.908871505540546, -27.13809825029047, -25.048089521588025, -23.31787532440729, -28.159526279299918, -23.72017059292382, -23.974646164720912, -24.992940822378912, -27.052764653765188]  nub  [25.892338783617475, 27.264957760636268, 25.148694167010646, 23.801633850250894, 23.252917384159776, 27.428605190153192, 22.060133433509936, 22.835751844812698, 26.477851072247393, 25.14169216073808] adv labels  [0]
img 19 UNKNOWN
0.24073386192321777 seconds
concrete  [-1.6478906956443462, -3.416054249960259, -0.5318246307762945, -0.9155878552921218, -0.9730393362595464, -1.6392971706841435, -1.930016132708651, -1.6980977832528998, -0.4341354890996598, 6.419676089782017]
nlb  [-25.013236730758212, -27.9088715040781, -27.13809824924044, -25.04808952039171, -23.3178753233448, -28.159526277693786, -23.720170591589543, -23.97464616355032, -24.99294082108707, -27.0527646523981]  nub  [25.892338782207005, 27.26495775927255, 25.14869416557106, 23.801633848686777, 23.25291738290967, 27.428605188782228, 22.06013343245809, 22.83575184357026, 26.47785107101867, 25.141692159188374] adv labels  [0]
img 20 UNKNOWN
0.22583270072937012 seconds
concrete  [-0.3099689114876088, -3.83313229038788, -1.2659736214853832, -4.457126242206174, -0.6663577313545284, 2.2559995386474916, 7.590597922875073, -1.6828393551292646, -0.18146544198514708, -0.21505739280987754]
nlb  [-25.0132367289351, -27.908871502330694, -27.13809824772033, -25.048089519512892, -23.317875322448938, -28.159526275838452, -23.720170590349184, -23.97464616207293, -24.992940819441717, -27.05276465113074]  nub  [25.892338781002728, 27.264957757834516, 25.14869416402739, 23.801633846778376, 23.252917381008434, 27.4286051869921, 22.060133431236245, 22.835751841912764, 26.47785106966527, 25.141692157423357] adv labels  [0]
img 21 UNKNOWN
0.2357478141784668 seconds
concrete  [-1.9204466451086497, -3.493513088781532, -4.381915036430072, -2.343907935019371, 1.9301209480414787, -1.0719511046483385, 7.8909853465921005, 1.7964874587584596, -1.1651164924560462, -2.319048519747576]
nlb  [-25.01323673140895, -27.908871504630753, -27.13809824955181, -25.048089520888023, -23.31787532382337, -28.15952627836493, -23.720170592238738, -23.974646163970476, -24.99294082163289, -27.05276465292102]  nub  [25.892338782792187, 27.264957759953873, 25.148694166223315, 23.80163384927598, 23.252917383388077, 27.428605189291343, 22.06013343293696, 22.83575184413159, 26.47785107154528, 25.141692159834754] adv labels  [0]
img 22 UNKNOWN
0.2396531105041504 seconds
concrete  [0.8593680659552891, -7.298238168617561, -1.0287653632076812, -0.5095726990752039, -0.5334103189818908, 9.034238813044027, 1.4206838710466247, -1.938347730804663, 0.7121613716176804, 0.09256509881473503]
nlb  [-25.013236732393597, -27.908871505739754, -27.138098250478205, -25.048089521736436, -23.31787532458218, -28.159526279521668, -23.720170593104665, -23.974646164890377, -24.992940822564375, -27.05276465398075]  nub  [25.89233878380724, 27.264957760860305, 25.14869416719057, 23.801633850476577, 23.252917384361105, 27.42860519037745, 22.060133433654496, 22.835751844948287, 26.47785107243201, 25.141692160950996] adv labels  [0]
img 23 UNKNOWN
0.25726795196533203 seconds
concrete  [-2.9836039813815747, -1.987856228014958, -3.6976576930045106, -4.760417879689148, 6.715351755096349, -0.6533298130470329, -0.5699550432651903, -1.3036750696832782, -0.8444212296499535, 1.1158951776711177]
nlb  [-25.013236732594436, -27.90887150595775, -27.13809825064536, -25.048089521888507, -23.317875324729023, -28.159526279744842, -23.720170593280315, -23.974646165060193, -24.992940822748032, -27.052764654173135]  nub  [25.89233878399599, 27.26495776105606, 25.14869416738517, 23.801633850700696, 23.252917384551953, 27.428605190584243, 22.06013343381003, 22.83575184513153, 26.477851072604754, 25.141692161165263] adv labels  [0]
img 24 UNKNOWN
0.2174243927001953 seconds
analysis precision  0 /  25
