netname  sigmoid_tanh_models/tansig_200_100_50_onnx.onnx  epsilon  12.0  domain  deeppoly  dataset  mnist args complete  False  complete  False  timeout_lp  1
This network has 350 neurons.
concrete  [0.6745457818770982, -5.208029158418055, -3.043956814602525, -1.4617954545886271, -1.9671964290805226, -2.043541421766528, 0.5493553623349358, 8.287141885354874, 0.8692330879475314, -2.9833336612073116]
nlb  [-25.013236732607446, -27.908871505972403, -27.138098250657578, -25.048089521899673, -23.317875324740193, -28.159526279760065, -23.720170593292732, -23.974646165071814, -24.992940822761106, -27.052764654187193]  nub  [25.89233878400949, 27.264957761069986, 25.148694167397863, 23.801633850716026, 23.252917384565023, 27.42860519059864, 22.06013343382086, 22.83575184514282, 26.477851072616893, 25.141692161179915] adv labels  [0]
img 0 UNKNOWN
0.2745852470397949 seconds
concrete  [0.4539760694155194, -3.3891102318547275, 7.24938231062413, 0.1895974606622327, -4.330628969108863, 1.3754032477724427, 2.6125024707543028, -5.416460870960309, -0.49388529461938424, -1.8432180479029836]
nlb  [-25.013236732607083, -27.90887150597203, -27.138098250657308, -25.048089521899417, -23.317875324739973, -28.15952627975971, -23.72017059329247, -23.974646165071526, -24.992940822760772, -27.052764654186852]  nub  [25.892338784009183, 27.264957761069635, 25.148694167397547, 23.801633850715632, 23.252917384564704, 27.428605190598304, 22.0601334338206, 22.835751845142525, 26.477851072616637, 25.141692161179535] adv labels  [0]
img 1 UNKNOWN
0.2633085250854492 seconds
concrete  [-1.7588119474651371, 9.092921678071548, -4.930332231380821, -6.822325238606805, -3.673387583358951, -0.22593036320243506, -3.4590675000056557, -0.48448000492899096, -1.1458748111613872, -5.785561705996287]
nlb  [-25.01323673260745, -27.908871505972403, -27.13809825065758, -25.048089521899673, -23.317875324740193, -28.159526279760065, -23.720170593292735, -23.974646165071814, -24.99294082276111, -27.052764654187197]  nub  [25.892338784009493, 27.264957761069986, 25.148694167397863, 23.80163385071603, 23.252917384565027, 27.428605190598635, 22.060133433820862, 22.835751845142827, 26.477851072616893, 25.14169216117992] adv labels  [0]
img 2 UNKNOWN
0.23683857917785645 seconds
concrete  [8.520315296228215, -3.7305515754444, -2.364849299913558, -0.4585716863312837, -1.1217044884446832, -2.341173242098661, -1.0797637841064889, 0.13025315141149363, -1.4601871174055974, -2.346789893513544]
nlb  [-25.01323673260741, -27.90887150597235, -27.13809825065756, -25.048089521899644, -23.317875324740182, -28.159526279760044, -23.720170593292703, -23.974646165071775, -24.992940822761064, -27.05276465418717]  nub  [25.892338784009457, 27.264957761069947, 25.14869416739784, 23.80163385071598, 23.252917384565002, 27.42860519059862, 22.060133433820834, 22.835751845142795, 26.477851072616865, 25.141692161179886] adv labels  [1]
img 3 UNKNOWN
0.22740674018859863 seconds
concrete  [-3.8013720495436276, -2.8217255360863853, -2.529473613974318, -5.03134301604043, 6.04780494876316, -3.850723231823601, 1.0032535122890676, -1.6201121566769918, 0.7470350911260853, 0.6487094776040201]
nlb  [-25.01323673260745, -27.908871505972403, -27.138098250657578, -25.048089521899673, -23.317875324740193, -28.159526279760065, -23.720170593292735, -23.974646165071814, -24.99294082276111, -27.052764654187197]  nub  [25.892338784009493, 27.264957761069986, 25.148694167397863, 23.80163385071603, 23.252917384565027, 27.428605190598635, 22.060133433820862, 22.835751845142827, 26.477851072616893, 25.14169216117992] adv labels  [0]
img 4 UNKNOWN
0.2283802032470703 seconds
concrete  [-1.0254261293909712, 10.142291066619931, -5.558933519817608, -5.339442815098574, -3.7200612714353807, -1.3301821841042278, -4.788372054361582, -1.6038612676150126, -1.2419242928191103, -4.708466873462967]
nlb  [-25.01323673260745, -27.908871505972403, -27.13809825065758, -25.048089521899673, -23.317875324740193, -28.159526279760065, -23.720170593292735, -23.974646165071814, -24.99294082276111, -27.052764654187197]  nub  [25.892338784009493, 27.264957761069986, 25.148694167397863, 23.80163385071603, 23.252917384565027, 27.428605190598635, 22.060133433820862, 22.835751845142827, 26.477851072616893, 25.14169216117992] adv labels  [0]
img 5 UNKNOWN
0.23311090469360352 seconds
concrete  [-4.4866925274691924, -0.5901966045172402, -5.649060301838167, -5.691733991199605, 7.240512068025992, -1.8494646162846362, -1.948212009715771, -0.40736807116901547, 1.8691924953971586, 0.4054524427918724]
nlb  [-25.013236732607446, -27.9088715059724, -27.138098250657574, -25.048089521899673, -23.317875324740193, -28.159526279760065, -23.720170593292732, -23.974646165071807, -24.992940822761106, -27.052764654187193]  nub  [25.89233878400949, 27.264957761069983, 25.148694167397863, 23.801633850716026, 23.252917384565023, 27.428605190598635, 22.06013343382086, 22.83575184514282, 26.47785107261689, 25.14169216117991] adv labels  [0]
img 6 UNKNOWN
0.2488398551940918 seconds
concrete  [-1.9694120621194546, -4.030663260056692, 1.8387940611280817, -0.5608606338875851, -0.6333290416898119, 0.2979494045195937, -0.21344085457806106, -2.7340436928255833, 0.29572384079441694, 4.917561218473223]
nlb  [-25.013236732607446, -27.908871505972403, -27.138098250657578, -25.048089521899673, -23.317875324740193, -28.159526279760065, -23.720170593292732, -23.974646165071814, -24.992940822761106, -27.052764654187193]  nub  [25.89233878400949, 27.264957761069986, 25.148694167397863, 23.801633850716026, 23.252917384565023, 27.42860519059864, 22.06013343382086, 22.83575184514282, 26.477851072616893, 25.141692161179915] adv labels  [0]
img 7 UNKNOWN
0.21116852760314941 seconds
concrete  [-0.21823138503168726, -2.7572228862036976, -1.0640820162451237, -6.8118830423306616, 0.8584355258740733, 1.53603595627332, 1.2106435954042434, -1.5517242346999711, -2.9426720687808166, -0.19110293506921922]
nlb  [-25.013236732607442, -27.9088715059724, -27.138098250657578, -25.048089521899673, -23.31787532474019, -28.159526279760062, -23.720170593292732, -23.974646165071807, -24.992940822761106, -27.052764654187197]  nub  [25.89233878400949, 27.264957761069983, 25.148694167397867, 23.801633850716023, 23.252917384565023, 27.428605190598635, 22.06013343382086, 22.835751845142816, 26.477851072616893, 25.14169216117991] adv labels  [0]
img 8 UNKNOWN
0.23368573188781738 seconds
concrete  [-1.4771908108865925, -1.1335429163173019, -3.6479326584994096, -4.371283643457971, 1.4026521734732247, -0.88920694625051, -2.034574068154748, -0.9457585573567254, -1.0436191920669466, 5.522206694135884]
nlb  [-25.01323673260744, -27.9088715059724, -27.138098250657585, -25.048089521899666, -23.317875324740182, -28.15952627976005, -23.720170593292732, -23.974646165071796, -24.9929408227611, -27.052764654187186]  nub  [25.892338784009485, 27.264957761069976, 25.14869416739787, 23.801633850716016, 23.25291738456502, 27.42860519059863, 22.060133433820855, 22.835751845142816, 26.47785107261688, 25.141692161179908] adv labels  [0]
img 9 UNKNOWN
0.23636460304260254 seconds
concrete  [9.015555899410113, -3.473489030505845, -1.1477357298713007, -0.6562725475391682, -2.1199316456575854, 0.9447282532931168, -2.561344030162488, -1.6730033003167, -1.3337668046932987, -4.707828535969772]
nlb  [-25.013236732607318, -27.90887150597227, -27.138098250657492, -25.048089521899595, -23.31787532474012, -28.15952627975997, -23.720170593292647, -23.97464616507172, -24.992940822761003, -27.052764654187072]  nub  [25.89233878400937, 27.264957761069866, 25.148694167397764, 23.80163385071593, 23.252917384564938, 27.428605190598553, 22.060133433820774, 22.835751845142738, 26.4778510726168, 25.141692161179797] adv labels  [1]
img 10 UNKNOWN
0.21892142295837402 seconds
concrete  [0.6180842510395901, -3.6166667528890626, 0.32384598506244505, -0.4480535582108767, -0.9940079825205038, -1.7467533470686885, 7.143485488306847, -1.771432014762158, 0.5236450789933111, -3.3491412167084675]
nlb  [-25.013236732607446, -27.908871505972403, -27.138098250657578, -25.048089521899673, -23.317875324740193, -28.159526279760065, -23.720170593292732, -23.974646165071814, -24.992940822761106, -27.052764654187193]  nub  [25.89233878400949, 27.264957761069986, 25.148694167397863, 23.801633850716026, 23.252917384565023, 27.42860519059864, 22.06013343382086, 22.83575184514282, 26.477851072616893, 25.141692161179915] adv labels  [0]
img 11 UNKNOWN
0.23964190483093262 seconds
concrete  [-0.8716735493082601, -3.6590369546080312, -0.5785068682307141, -2.345932388814242, 0.6033464973265424, -1.0349548326700486, -0.532113647312163, -3.662826260254183, 0.26819947975037084, 7.713811599425187]
nlb  [-25.013236732607446, -27.908871505972403, -27.138098250657578, -25.048089521899673, -23.317875324740193, -28.159526279760065, -23.720170593292732, -23.974646165071814, -24.992940822761106, -27.052764654187193]  nub  [25.89233878400949, 27.264957761069986, 25.148694167397863, 23.801633850716026, 23.252917384565023, 27.42860519059864, 22.06013343382086, 22.83575184514282, 26.477851072616893, 25.141692161179915] adv labels  [0]
img 12 UNKNOWN
0.22863984107971191 seconds
concrete  [9.723008823962655, -2.02731107571008, -2.6104131222126012, -1.7039362979374324, -3.0525401823953713, -1.166595442548795, -3.298067857027134, 0.6627013520741363, -0.40209156652558237, -4.251543847941223]
nlb  [-25.01323673260738, -27.908871505972296, -27.13809825065753, -25.04808952189962, -23.31787532474016, -28.159526279760016, -23.72017059329269, -23.974646165071757, -24.992940822761042, -27.052764654187133]  nub  [25.892338784009418, 27.264957761069912, 25.148694167397817, 23.801633850715962, 23.252917384564988, 27.42860519059859, 22.06013343382081, 22.835751845142777, 26.477851072616843, 25.14169216117986] adv labels  [1]
img 13 UNKNOWN
0.21554994583129883 seconds
concrete  [-0.5000044705562516, 7.604565350519228, -2.1515778908774865, -2.6544025902111894, -5.563964352360694, -1.0482588556740058, -2.7986207438741513, -1.4334180531521106, -0.24064913180733472, -4.896246529768881]
nlb  [-25.01323673260745, -27.908871505972403, -27.138098250657578, -25.048089521899673, -23.317875324740193, -28.159526279760065, -23.720170593292735, -23.974646165071814, -24.99294082276111, -27.052764654187197]  nub  [25.892338784009493, 27.264957761069986, 25.148694167397863, 23.80163385071603, 23.252917384565027, 27.428605190598635, 22.060133433820862, 22.835751845142827, 26.477851072616893, 25.14169216117992] adv labels  [0]
img 14 UNKNOWN
0.21159839630126953 seconds
concrete  [0.07632634910214824, -4.606513394422743, -0.23307261928938172, 2.4629592513595084, -2.9454798601528807, 5.712150472687547, 1.3009471647024624, -1.1612852804218547, 1.2296131050638466, 0.00013963852822151956]
nlb  [-25.013236732607435, -27.9088715059724, -27.13809825065758, -25.048089521899662, -23.31787532474019, -28.15952627976006, -23.720170593292732, -23.974646165071796, -24.9929408227611, -27.052764654187182]  nub  [25.892338784009482, 27.264957761069976, 25.148694167397867, 23.801633850716012, 23.252917384565023, 27.42860519059863, 22.060133433820855, 22.83575184514282, 26.47785107261689, 25.141692161179904] adv labels  [0]
img 15 UNKNOWN
0.21663236618041992 seconds
concrete  [-1.7274585094808919, -3.7062435901081807, -0.49500537269584194, -3.770958503088171, 0.46556271601231164, -3.02442562777797, -0.9803233556651609, -3.082974089602238, 0.8688179016930955, 6.736700263132555]
nlb  [-25.013236732607446, -27.908871505972403, -27.138098250657578, -25.048089521899673, -23.317875324740193, -28.159526279760065, -23.720170593292732, -23.974646165071814, -24.992940822761106, -27.052764654187193]  nub  [25.89233878400949, 27.264957761069986, 25.148694167397863, 23.801633850716026, 23.252917384565023, 27.42860519059864, 22.06013343382086, 22.83575184514282, 26.477851072616893, 25.141692161179915] adv labels  [0]
img 16 UNKNOWN
0.2299327850341797 seconds
concrete  [1.24685533074556, -4.386291448938004, -2.138358053713237, -0.7055329262646175, -3.1772977244599887, -1.0268760111866806, -0.27264970301261976, 7.299656077170845, -0.465345347662694, -3.403928812214946]
nlb  [-25.01323673260744, -27.9088715059724, -27.138098250657585, -25.048089521899666, -23.317875324740182, -28.159526279760055, -23.720170593292732, -23.974646165071796, -24.9929408227611, -27.052764654187186]  nub  [25.892338784009485, 27.264957761069976, 25.14869416739787, 23.801633850716012, 23.252917384565016, 27.42860519059863, 22.060133433820855, 22.835751845142816, 26.477851072616883, 25.141692161179908] adv labels  [0]
img 17 UNKNOWN
0.21439218521118164 seconds
concrete  [-0.2272321086421944, -5.195114551535864, 0.42466696556745437, 5.516224424571123, -2.007083628718009, 1.1958553214976841, 0.5009320246600617, -2.587336831728868, 4.146429857356957, -1.186301173911515]
nlb  [-25.01323673260726, -27.90887150597219, -27.138098250657436, -25.04808952189955, -23.31787532474007, -28.15952627975989, -23.720170593292583, -23.974646165071665, -24.992940822760957, -27.05276465418702]  nub  [25.8923387840093, 27.26495776106981, 25.148694167397704, 23.801633850715845, 23.252917384564856, 27.42860519059848, 22.06013343382072, 22.83575184514269, 26.477851072616744, 25.14169216117973] adv labels  [0]
img 18 UNKNOWN
0.22466111183166504 seconds
concrete  [-3.1733371447826486, -0.5098875347256117, -7.131275247956315, -5.463355436331687, 7.708561719175415, -0.8522238758811214, 0.21027782747870666, -0.2854499680900585, -0.3934830360853139, -0.20600118947551257]
nlb  [-25.01323673260745, -27.908871505972403, -27.13809825065758, -25.048089521899673, -23.317875324740193, -28.159526279760065, -23.720170593292735, -23.974646165071814, -24.99294082276111, -27.052764654187197]  nub  [25.892338784009493, 27.264957761069986, 25.148694167397863, 23.80163385071603, 23.252917384565027, 27.428605190598635, 22.060133433820862, 22.835751845142827, 26.477851072616893, 25.14169216117992] adv labels  [0]
img 19 UNKNOWN
0.22419118881225586 seconds
concrete  [-1.6478906956443462, -3.416054249960259, -0.5318246307762945, -0.9155878552921218, -0.9730393362595464, -1.6392971706841435, -1.930016132708651, -1.6980977832528998, -0.4341354890996598, 6.419676089782017]
nlb  [-25.01323673260742, -27.908871505972385, -27.138098250657578, -25.04808952189966, -23.317875324740182, -28.159526279760055, -23.720170593292725, -23.974646165071785, -24.992940822761085, -27.052764654187172]  nub  [25.892338784009464, 27.264957761069965, 25.14869416739786, 23.801633850716, 23.252917384565013, 27.428605190598628, 22.06013343382085, 22.835751845142806, 26.47785107261687, 25.141692161179897] adv labels  [0]
img 20 UNKNOWN
0.24632596969604492 seconds
concrete  [-0.3099689114876088, -3.83313229038788, -1.2659736214853832, -4.457126242206174, -0.6663577313545284, 2.2559995386474916, 7.590597922875073, -1.6828393551292646, -0.18146544198514708, -0.21505739280987754]
nlb  [-25.013236732607446, -27.908871505972403, -27.138098250657578, -25.048089521899673, -23.317875324740193, -28.159526279760065, -23.720170593292732, -23.97464616507181, -24.992940822761106, -27.052764654187193]  nub  [25.89233878400949, 27.264957761069986, 25.148694167397863, 23.801633850716026, 23.252917384565023, 27.42860519059864, 22.06013343382086, 22.83575184514282, 26.477851072616893, 25.141692161179915] adv labels  [0]
img 21 UNKNOWN
0.24406766891479492 seconds
concrete  [-1.9204466451086497, -3.493513088781532, -4.381915036430072, -2.343907935019371, 1.9301209480414787, -1.0719511046483385, 7.8909853465921005, 1.7964874587584596, -1.1651164924560462, -2.319048519747576]
nlb  [-25.013236732607446, -27.908871505972403, -27.138098250657578, -25.048089521899673, -23.317875324740193, -28.159526279760065, -23.720170593292732, -23.974646165071814, -24.992940822761106, -27.052764654187193]  nub  [25.89233878400949, 27.264957761069986, 25.148694167397863, 23.801633850716026, 23.252917384565023, 27.42860519059864, 22.06013343382086, 22.83575184514282, 26.477851072616893, 25.141692161179915] adv labels  [0]
img 22 UNKNOWN
0.22912335395812988 seconds
concrete  [0.8593680659552891, -7.298238168617561, -1.0287653632076812, -0.5095726990752039, -0.5334103189818908, 9.034238813044027, 1.4206838710466247, -1.938347730804663, 0.7121613716176804, 0.09256509881473503]
nlb  [-25.01323673260745, -27.908871505972403, -27.13809825065758, -25.048089521899673, -23.317875324740193, -28.159526279760065, -23.720170593292735, -23.974646165071814, -24.99294082276111, -27.052764654187197]  nub  [25.892338784009493, 27.264957761069986, 25.148694167397863, 23.80163385071603, 23.252917384565027, 27.428605190598635, 22.060133433820862, 22.835751845142827, 26.477851072616893, 25.14169216117992] adv labels  [0]
img 23 UNKNOWN
0.21275615692138672 seconds
concrete  [-2.9836039813815747, -1.987856228014958, -3.6976576930045106, -4.760417879689148, 6.715351755096349, -0.6533298130470329, -0.5699550432651903, -1.3036750696832782, -0.8444212296499535, 1.1158951776711177]
nlb  [-25.01323673260745, -27.908871505972403, -27.13809825065758, -25.048089521899673, -23.317875324740193, -28.159526279760065, -23.720170593292735, -23.974646165071814, -24.99294082276111, -27.052764654187197]  nub  [25.892338784009493, 27.264957761069986, 25.148694167397863, 23.80163385071603, 23.252917384565027, 27.428605190598635, 22.060133433820862, 22.835751845142827, 26.477851072616893, 25.14169216117992] adv labels  [0]
img 24 UNKNOWN
0.22143864631652832 seconds
analysis precision  0 /  25
