Proc 1
Proc 3
Proc 2
Proc 5
Proc 0
Proc 8
Proc 7
Proc 4
Proc 6
No attacks
76.87641644477844 seconds
img 0
Proc 5
Proc 1
Proc 0
Proc 2
Proc 3
Proc 7
Proc 8
Proc 4
Proc 6
No attacks
81.30297803878784 seconds
img 1
Proc 0
Proc 2
Proc 5
Proc 3
Proc 7
Proc 1
Proc 4
Proc 8
Proc 6
No attacks
83.79964637756348 seconds
img 2
Proc 0
Proc 8
Proc 1
Proc 3
Proc 4
Proc 5
Proc 2
Proc 7
Proc 6
No attacks
82.0038194656372 seconds
img 3
Proc 4
Proc 1
Proc 5
Proc 7
Proc 0
Proc 6
Proc 3
Proc 2
Proc 8
No attacks
81.85796093940735 seconds
img 4
Proc 6
Proc 1
Proc 8
Proc 2
Proc 3
Proc 5
Proc 0
Proc 7
Proc 4
No attacks
83.84058690071106 seconds
img 5
Proc 4
Proc 2
Proc 6
Proc 8
Proc 3
Proc 1
Proc 7
Proc 5
Proc 0
No attacks
83.15272378921509 seconds
img 6
Proc 1
Proc 6
Proc 8
Proc 3
Proc 5
Proc 0
Proc 4
Proc 2
Proc 7
No attacks
81.92790794372559 seconds
img 7
Proc 5
Proc 7
Proc 0
Proc 3
Proc 6
Proc 8
Proc 1
Proc 4
Proc 2
No attacks
83.42239022254944 seconds
img 8
Proc 1
Proc 3
Proc 2
Proc 0
Proc 4
Proc 7
Proc 6
Proc 5
Proc 8
Attack found for 6 :
[3.87063969e+00 3.28333862e-01 3.27449588e+00 4.55982822e+00
 2.92139076e+00 1.07393722e+00 9.08612950e-01 4.11474353e+00
 3.79428682e+00 6.52814286e-01 3.96911066e+00 3.62870166e+00
 5.00000000e+00 5.00000000e+00 0.00000000e+00 5.00000000e+00
 4.62628799e+00 3.91806224e+00 2.66431921e+00 2.49333452e+00
 3.77414951e+00 2.64486848e+00 1.01184847e-01 4.01205230e+00
 8.63071971e-01 3.73124202e+00 2.09304312e+00 4.00275634e+00
 4.68159221e+00 4.56893843e-01 2.30536652e+00 3.02866497e+00
 0.00000000e+00 0.00000000e+00 0.00000000e+00 0.00000000e+00
 5.00000000e+00 5.00000000e+00 5.00000000e+00 5.00000000e+00
 5.00000000e+00 5.00000000e+00 5.00000000e+00 5.00000000e+00
 0.00000000e+00 5.00000000e+00 5.00000000e+00 0.00000000e+00
 5.00000000e+00 5.00000000e+00 5.00000000e+00 0.00000000e+00
 2.97176135e+00 1.09286914e+00 3.20947045e+00 2.27024786e+00
 7.40686159e-01 3.78231852e+00 0.00000000e+00 5.00000000e+00
 5.00000000e+00 5.00000000e+00 5.00000000e+00 5.00000000e+00
 5.00000000e+00 5.00000000e+00 5.00000000e+00 5.00000000e+00
 5.00000000e+00 5.00000000e+00 5.00000000e+00 0.00000000e+00
 5.00000000e+00 5.00000000e+00 5.00000000e+00 5.00000000e+00
 5.00000000e+00 5.00000000e+00 5.00000000e+00 5.00000000e+00
 5.00000000e+00 0.00000000e+00 2.14586741e+00 1.47146173e+00
 1.19983240e+00 3.80069493e+00 0.00000000e+00 0.00000000e+00
 5.00000000e+00 5.00000000e+00 5.00000000e+00 5.00000000e+00
 5.00000000e+00 5.00000000e+00 5.00000000e+00 5.00000000e+00
 5.00000000e+00 5.00000000e+00 5.00000000e+00 5.00000000e+00
 5.00000000e+00 5.00000000e+00 0.00000000e+00 5.00000000e+00
 5.00000000e+00 5.00000000e+00 5.00000000e+00 5.00000000e+00
 5.00000000e+00 5.00000000e+00 5.00000000e+00 1.34208408e+00
 4.47121064e+00 0.00000000e+00 0.00000000e+00 0.00000000e+00
 5.00000000e+00 5.00000000e+00 5.00000000e+00 5.00000000e+00
 5.00000000e+00 5.00000000e+00 0.00000000e+00 0.00000000e+00
 0.00000000e+00 5.00000000e+00 0.00000000e+00 0.00000000e+00
 5.00000000e-01 1.20000000e+01 4.20000000e+01 4.20000000e+01
 5.20000000e+01 1.10000000e+01 1.24000000e+02 8.00000000e+01
 4.20000000e+01 0.00000000e+00 0.00000000e+00 0.00000000e+00
 3.16331039e+00 1.57456106e+00 0.00000000e+00 0.00000000e+00
 5.00000000e+00 0.00000000e+00 0.00000000e+00 5.00000000e+00
 0.00000000e+00 0.00000000e+00 0.00000000e+00 0.00000000e+00
 5.00000000e+00 0.00000000e+00 0.00000000e+00 7.00000000e+01
 1.58000000e+02 2.22000000e+02 2.55000000e+02 2.55000000e+02
 2.48000000e+02 2.10000000e+02 2.41000000e+02 2.48000000e+02
 2.48000000e+02 0.00000000e+00 0.00000000e+00 0.00000000e+00
 1.84038059e+00 5.00000000e-01 5.00000000e+00 0.00000000e+00
 0.00000000e+00 0.00000000e+00 0.00000000e+00 0.00000000e+00
 0.00000000e+00 0.00000000e+00 0.00000000e+00 0.00000000e+00
 3.05000000e+01 1.47000000e+02 2.39000000e+02 2.55000000e+02
 2.55000000e+02 2.48000000e+02 2.48000000e+02 2.48000000e+02
 2.55000000e+02 2.48000000e+02 2.48000000e+02 2.48000000e+02
 2.48000000e+02 0.00000000e+00 5.00000000e+00 5.00000000e+00
 5.00000000e+00 5.00000000e+00 5.00000000e+00 0.00000000e+00
 5.00000000e+00 0.00000000e+00 0.00000000e+00 0.00000000e+00
 0.00000000e+00 0.00000000e+00 5.00000000e+00 0.00000000e+00
 5.80000000e+01 2.55000000e+02 2.55000000e+02 2.48000000e+02
 2.48000000e+02 2.48000000e+02 2.48000000e+02 2.48000000e+02
 2.08000000e+02 1.75000000e+02 1.75000000e+02 1.65000000e+02
 1.65000000e+02 0.00000000e+00 0.00000000e+00 5.00000000e+00
 5.00000000e+00 5.00000000e+00 5.00000000e+00 0.00000000e+00
 5.00000000e+00 0.00000000e+00 0.00000000e+00 0.00000000e+00
 1.50000000e+01 1.27000000e+02 6.70000000e+01 0.00000000e+00
 6.20000000e+01 2.33000000e+02 2.22000000e+02 2.33000000e+02
 1.63000000e+02 1.29000000e+02 6.40000000e+01 1.50000000e+01
 6.00000000e+00 0.00000000e+00 5.00000000e+00 0.00000000e+00
 0.00000000e+00 0.00000000e+00 0.00000000e+00 5.00000000e+00
 5.00000000e+00 5.00000000e+00 0.00000000e+00 0.00000000e+00
 5.00000000e+00 0.00000000e+00 0.00000000e+00 1.60000000e+01
 2.01000000e+02 2.48000000e+02 7.30000000e+01 0.00000000e+00
 0.00000000e+00 3.70000000e+01 5.00000000e+00 2.50000000e+01
 0.00000000e+00 0.00000000e+00 0.00000000e+00 5.00000000e+00
 5.00000000e+00 5.00000000e+00 5.00000000e+00 5.00000000e+00
 0.00000000e+00 0.00000000e+00 0.00000000e+00 0.00000000e+00
 5.00000000e+00 0.00000000e+00 0.00000000e+00 5.00000000e+00
 0.00000000e+00 0.00000000e+00 1.00000000e+00 1.72000000e+02
 2.48000000e+02 1.37000000e+02 5.00000000e+00 0.00000000e+00
 5.00000000e+00 5.00000000e+00 5.00000000e+00 0.00000000e+00
 0.00000000e+00 5.00000000e+00 0.00000000e+00 0.00000000e+00
 5.00000000e+00 5.00000000e+00 5.00000000e+00 5.00000000e+00
 0.00000000e+00 0.00000000e+00 0.00000000e+00 0.00000000e+00
 5.00000000e+00 5.00000000e+00 0.00000000e+00 5.00000000e+00
 0.00000000e+00 7.00000000e+00 1.28000000e+02 2.55000000e+02
 2.38000000e+02 1.00000000e+01 0.00000000e+00 0.00000000e+00
 0.00000000e+00 5.00000000e+00 0.00000000e+00 0.00000000e+00
 0.00000000e+00 0.00000000e+00 0.00000000e+00 0.00000000e+00
 5.00000000e+00 5.00000000e+00 0.00000000e+00 5.00000000e+00
 5.00000000e+00 0.00000000e+00 0.00000000e+00 5.00000000e+00
 5.00000000e+00 0.00000000e+00 0.00000000e+00 5.00000000e+00
 0.00000000e+00 8.70000000e+01 2.48000000e+02 2.28000000e+02
 2.30000000e+01 5.00000000e+00 0.00000000e+00 0.00000000e+00
 5.00000000e+00 0.00000000e+00 0.00000000e+00 0.00000000e+00
 0.00000000e+00 0.00000000e+00 0.00000000e+00 0.00000000e+00
 5.00000000e+00 0.00000000e+00 5.00000000e+00 5.00000000e+00
 5.00000000e+00 0.00000000e+00 0.00000000e+00 5.00000000e+00
 0.00000000e+00 5.00000000e+00 5.00000000e+00 5.00000000e+00
 0.00000000e+00 1.45000000e+02 2.55000000e+02 1.79000000e+02
 5.00000000e+00 5.00000000e+00 5.00000000e+00 0.00000000e+00
 5.00000000e+00 0.00000000e+00 0.00000000e+00 0.00000000e+00
 0.00000000e+00 0.00000000e+00 5.00000000e+00 0.00000000e+00
 0.00000000e+00 0.00000000e+00 5.00000000e+00 5.00000000e+00
 5.00000000e+00 0.00000000e+00 0.00000000e+00 0.00000000e+00
 0.00000000e+00 5.00000000e+00 0.00000000e+00 0.00000000e+00
 0.00000000e+00 2.39000000e+02 2.55000000e+02 2.41000000e+02
 1.32000000e+02 5.40000000e+01 5.00000000e+00 5.00000000e+00
 5.00000000e+00 0.00000000e+00 0.00000000e+00 0.00000000e+00
 0.00000000e+00 0.00000000e+00 5.00000000e+00 0.00000000e+00
 0.00000000e+00 5.00000000e+00 5.00000000e+00 5.00000000e+00
 5.00000000e+00 0.00000000e+00 0.00000000e+00 0.00000000e+00
 0.00000000e+00 5.00000000e+00 0.00000000e+00 5.00000000e+00
 0.00000000e+00 2.55000000e+02 2.48000000e+02 2.55000000e+02
 2.55000000e+02 2.55000000e+02 1.52000000e+02 9.60000000e+01
 1.26000000e+02 8.00000000e+01 3.70000000e+01 3.70000000e+01
 8.00000000e+01 2.30000000e+01 0.00000000e+00 0.00000000e+00
 0.00000000e+00 5.00000000e+00 5.00000000e+00 5.00000000e+00
 5.00000000e+00 5.00000000e+00 0.00000000e+00 5.00000000e+00
 0.00000000e+00 0.00000000e+00 5.00000000e+00 0.00000000e+00
 5.00000000e+00 1.34500000e+02 2.55000000e+02 2.48000000e+02
 2.55000000e+02 2.55000000e+02 2.55000000e+02 2.55000000e+02
 2.48000000e+02 2.48000000e+02 2.48000000e+02 2.55000000e+02
 2.55000000e+02 2.27000000e+02 1.73000000e+02 0.00000000e+00
 5.00000000e+00 5.00000000e+00 5.00000000e+00 5.00000000e+00
 5.00000000e+00 5.00000000e+00 0.00000000e+00 5.00000000e+00
 4.42170839e+00 0.00000000e+00 5.00000000e+00 5.00000000e+00
 0.00000000e+00 8.00000000e+00 4.80000000e+01 2.23000000e+02
 2.17000000e+02 2.46000000e+02 2.55000000e+02 2.55000000e+02
 2.48000000e+02 2.48000000e+02 2.55000000e+02 2.48000000e+02
 2.48000000e+02 2.48000000e+02 2.55000000e+02 1.29000000e+02
 5.00000000e+00 5.00000000e+00 5.00000000e+00 5.00000000e+00
 0.00000000e+00 5.00000000e+00 0.00000000e+00 5.00000000e+00
 0.00000000e+00 5.00000000e+00 5.00000000e+00 5.00000000e+00
 0.00000000e+00 5.00000000e+00 5.00000000e+00 5.00000000e+00
 5.00000000e+00 7.20000000e+01 7.70000000e+01 2.05000000e+02
 2.48000000e+02 2.48000000e+02 2.55000000e+02 2.49000000e+02
 2.54000000e+02 2.48000000e+02 2.55000000e+02 1.80000000e+02
 5.00000000e+00 5.00000000e+00 5.00000000e+00 5.00000000e+00
 0.00000000e+00 5.00000000e+00 0.00000000e+00 0.00000000e+00
 5.00000000e+00 0.00000000e+00 0.00000000e+00 0.00000000e+00
 5.00000000e+00 5.00000000e+00 5.00000000e+00 5.00000000e+00
 5.00000000e+00 5.00000000e+00 5.00000000e+00 1.25000000e+02
 2.55000000e+02 2.47000000e+02 1.57000000e+02 4.60000000e+01
 1.59000000e+02 2.55000000e+02 2.55000000e+02 1.80000000e+02
 5.00000000e+00 5.00000000e+00 5.00000000e+00 5.00000000e+00
 0.00000000e+00 0.00000000e+00 0.00000000e+00 5.00000000e+00
 1.69858282e+00 5.00000000e+00 5.00000000e+00 0.00000000e+00
 5.00000000e+00 5.00000000e+00 5.00000000e+00 5.00000000e+00
 5.00000000e+00 5.00000000e+00 5.00000000e+00 5.50000000e+01
 2.55000000e+02 2.55000000e+02 2.55000000e+02 1.93000000e+02
 2.47000000e+02 2.51687695e+02 2.55000000e+02 1.53000000e+02
 5.00000000e+00 5.00000000e+00 5.00000000e+00 0.00000000e+00
 0.00000000e+00 0.00000000e+00 0.00000000e+00 5.00000000e+00
 5.00000000e+00 5.00000000e+00 0.00000000e+00 5.00000000e+00
 5.00000000e+00 5.00000000e+00 5.00000000e+00 5.00000000e+00
 5.00000000e+00 5.00000000e+00 5.00000000e+00 1.40000000e+01
 1.72000000e+02 2.55000000e+02 2.48000000e+02 2.55000000e+02
 2.55000000e+02 2.55000000e+02 1.70000000e+02 6.00000000e+00
 5.00000000e+00 5.00000000e+00 5.00000000e+00 0.00000000e+00
 0.00000000e+00 0.00000000e+00 5.00000000e+00 0.00000000e+00
 0.00000000e+00 0.00000000e+00 0.00000000e+00 0.00000000e+00
 5.00000000e+00 5.00000000e+00 0.00000000e+00 0.00000000e+00
 5.00000000e+00 5.00000000e+00 5.00000000e+00 5.00000000e+00
 2.80000000e+01 1.85000000e+02 2.26000000e+02 2.55000000e+02
 2.26000000e+02 1.23000000e+02 5.00000000e+00 0.00000000e+00
 5.00000000e+00 5.00000000e+00 0.00000000e+00 0.00000000e+00
 0.00000000e+00 0.00000000e+00 5.00000000e+00 5.00000000e+00
 9.32694282e-02 2.01515133e+00 5.00000000e+00 5.00000000e+00
 5.00000000e+00 0.00000000e+00 4.00000000e+00 5.00000000e+00
 5.00000000e+00 5.00000000e+00 0.00000000e+00 0.00000000e+00
 5.00000000e+00 5.00000000e+00 9.80000000e+01 1.44000000e+02
 1.70000000e+01 0.00000000e+00 0.00000000e+00 0.00000000e+00
 0.00000000e+00 0.00000000e+00 0.00000000e+00 0.00000000e+00
 0.00000000e+00 0.00000000e+00 0.00000000e+00 4.45800194e+00
 2.59262026e+00 1.51503035e+00 5.00000000e+00 5.00000000e+00
 5.00000000e+00 0.00000000e+00 5.00000000e+00 6.49932358e-01
 5.00000000e+00 5.00000000e+00 0.00000000e+00 0.00000000e+00
 5.00000000e+00 5.00000000e+00 0.00000000e+00 0.00000000e+00
 0.00000000e+00 0.00000000e+00 0.00000000e+00 0.00000000e+00
 5.00000000e+00 5.00000000e+00 5.00000000e+00 0.00000000e+00
 5.00000000e+00 0.00000000e+00 5.00000000e+00 2.09844916e+00
 4.57411893e+00 1.94470148e+00 5.00000000e+00 5.00000000e+00
 0.00000000e+00 5.00000000e+00 5.00000000e+00 5.00000000e+00
 0.00000000e+00 0.00000000e+00 0.00000000e+00 0.00000000e+00
 0.00000000e+00 0.00000000e+00 0.00000000e+00 0.00000000e+00
 0.00000000e+00 0.00000000e+00 0.00000000e+00 5.00000000e+00
 5.00000000e+00 0.00000000e+00 0.00000000e+00 0.00000000e+00
 5.00000000e+00 0.00000000e+00 5.00000000e+00 4.31519216e+00
 4.09975626e+00 1.90230057e+00 1.79929051e-01 0.00000000e+00
 5.00000000e+00 5.00000000e+00 0.00000000e+00 0.00000000e+00
 4.00000000e+00 0.00000000e+00 0.00000000e+00 0.00000000e+00
 0.00000000e+00 0.00000000e+00 0.00000000e+00 0.00000000e+00
 5.00000000e+00 0.00000000e+00 0.00000000e+00 5.00000000e+00
 5.00000000e+00 0.00000000e+00 5.00000000e+00 5.00000000e+00
 5.00000000e+00 5.00000000e+00 1.36041748e+00 2.55929682e-01
 1.53998011e+00 4.01454257e-02 1.09882883e+00 4.89103091e+00
 0.00000000e+00 0.00000000e+00 0.00000000e+00 5.00000000e+00
 0.00000000e+00 5.00000000e+00 0.00000000e+00 0.00000000e+00
 5.00000000e+00 5.00000000e+00 0.00000000e+00 5.00000000e+00
 0.00000000e+00 0.00000000e+00 5.00000000e+00 5.00000000e+00
 0.00000000e+00 0.00000000e+00 0.00000000e+00 0.00000000e+00
 2.79868950e+00 3.23257203e+00 1.13454090e+00 9.00599313e-01]
42.419570446014404 seconds
img 9
Proc 5
Proc 0
Proc 4
Proc 2
Proc 3
Proc 1
Proc 7
Proc 8
Proc 6
No attacks
83.87166786193848 seconds
img 10
Proc 1
Proc 3
Proc 6
Proc 4
Proc 7
Proc 2
Proc 0
Proc 8
Proc 5
No attacks
83.8902575969696 seconds
img 11
Proc 6
Proc 5
Proc 0
Proc 1
Proc 3
Proc 2
Proc 7
Proc 4
Proc 8
No attacks
85.07544755935669 seconds
img 12
Proc 1
Proc 5
Proc 6
Proc 2
Proc 3
Proc 4
Proc 7
Proc 8
Proc 0
No attacks
84.38067412376404 seconds
img 13
Proc 4
Proc 7
Proc 8
Proc 1
Proc 2
Proc 6
Proc 0
Proc 5
Proc 3
No attacks
84.68795537948608 seconds
img 14
Proc 2
Proc 0
Proc 7
Proc 4
Proc 3
Proc 6
Proc 8
Proc 5
Proc 1
No attacks
84.2006447315216 seconds
img 15
Proc 7
Proc 5
Proc 6
Proc 2
Proc 0
Proc 1
Proc 8
Proc 4
Proc 3
No attacks
83.70347428321838 seconds
img 16
Proc 4
Proc 3
Proc 1
Proc 5
Proc 0
Proc 6
Proc 2
Proc 8
Proc 7
No attacks
83.3337755203247 seconds
img 17
Proc 0
Proc 1
Proc 5
Proc 7
Proc 4
Proc 6
Proc 2
Proc 3
Proc 8
No attacks
83.41650581359863 seconds
img 18
Proc 0
Proc 2
Proc 7
Proc 4
Proc 3
Proc 6
Proc 1
Proc 5
Proc 8
Attack found for 8 :
[2.92311008e+00 1.64465471e+00 5.67113010e-01 2.53058805e+00
 4.65919211e+00 3.68376131e+00 2.75757152e+00 4.10684250e+00
 2.19635001e+00 3.17896425e+00 3.50230010e+00 4.85007368e+00
 0.00000000e+00 0.00000000e+00 5.00000000e+00 0.00000000e+00
 3.93895373e+00 3.88979658e+00 4.83534453e-01 8.93759261e-01
 4.42043259e+00 8.07523738e-01 2.51618431e+00 1.10270976e+00
 2.65995522e+00 4.29873577e+00 3.61571449e+00 2.58697635e+00
 1.40591902e+00 3.45459554e+00 1.55240362e+00 2.36227032e+00
 5.00000000e+00 5.00000000e+00 5.00000000e+00 5.00000000e+00
 5.00000000e+00 5.00000000e+00 0.00000000e+00 5.00000000e+00
 5.00000000e+00 0.00000000e+00 5.00000000e+00 5.00000000e+00
 5.00000000e+00 0.00000000e+00 0.00000000e+00 0.00000000e+00
 0.00000000e+00 0.00000000e+00 5.00000000e+00 0.00000000e+00
 3.71624794e+00 4.87264639e-01 4.92623167e+00 3.43689399e+00
 3.44956966e+00 2.52248620e+00 0.00000000e+00 5.00000000e+00
 5.00000000e+00 5.00000000e+00 0.00000000e+00 0.00000000e+00
 5.00000000e+00 5.00000000e+00 5.00000000e+00 5.00000000e+00
 5.00000000e+00 5.00000000e+00 5.00000000e+00 5.00000000e+00
 5.00000000e+00 0.00000000e+00 0.00000000e+00 0.00000000e+00
 0.00000000e+00 0.00000000e+00 0.00000000e+00 0.00000000e+00
 0.00000000e+00 0.00000000e+00 6.10699224e-01 2.22954929e+00
 2.18632440e+00 2.91807813e+00 0.00000000e+00 5.00000000e+00
 5.00000000e+00 5.00000000e+00 5.00000000e+00 5.00000000e+00
 5.00000000e+00 5.00000000e+00 5.00000000e+00 0.00000000e+00
 0.00000000e+00 0.00000000e+00 0.00000000e+00 0.00000000e+00
 0.00000000e+00 0.00000000e+00 0.00000000e+00 0.00000000e+00
 0.00000000e+00 5.00000000e+00 5.00000000e+00 5.00000000e+00
 5.00000000e+00 0.00000000e+00 0.00000000e+00 4.48195675e+00
 5.32676549e-02 0.00000000e+00 5.00000000e+00 5.00000000e+00
 0.00000000e+00 0.00000000e+00 7.00000000e+00 3.60000000e+01
 1.41000000e+02 1.41000000e+02 4.30000000e+01 0.00000000e+00
 0.00000000e+00 0.00000000e+00 0.00000000e+00 0.00000000e+00
 5.00000000e+00 5.00000000e+00 5.00000000e+00 0.00000000e+00
 0.00000000e+00 0.00000000e+00 0.00000000e+00 5.00000000e+00
 0.00000000e+00 0.00000000e+00 0.00000000e+00 0.00000000e+00
 4.07381524e+00 1.39364084e+00 0.00000000e+00 0.00000000e+00
 0.00000000e+00 7.00000000e+00 1.24000000e+02 2.48000000e+02
 2.48000000e+02 2.48000000e+02 2.45000000e+02 1.61500000e+02
 1.30000000e+01 5.00000000e+00 5.00000000e+00 5.00000000e+00
 0.00000000e+00 5.00000000e+00 5.00000000e+00 5.00000000e+00
 5.00000000e+00 5.00000000e+00 0.00000000e+00 0.00000000e+00
 0.00000000e+00 0.00000000e+00 0.00000000e+00 5.00000000e+00
 3.95203608e+00 5.00000000e+00 5.00000000e+00 0.00000000e+00
 0.00000000e+00 1.28000000e+02 2.48000000e+02 2.48000000e+02
 2.48000000e+02 2.48000000e+02 2.48000000e+02 2.55000000e+02
 2.24000000e+02 6.50000000e+01 0.00000000e+00 5.00000000e+00
 5.00000000e+00 5.00000000e+00 5.00000000e+00 5.00000000e+00
 5.00000000e+00 0.00000000e+00 0.00000000e+00 4.50000000e+00
 0.00000000e+00 0.00000000e+00 5.00000000e+00 5.00000000e+00
 0.00000000e+00 0.00000000e+00 0.00000000e+00 0.00000000e+00
 0.00000000e+00 9.60000000e+01 2.48000000e+02 2.47000000e+02
 1.50000000e+02 9.70000000e+01 1.02000000e+02 2.42000000e+02
 2.48000000e+02 2.52000000e+02 1.23000000e+02 5.00000000e+00
 5.00000000e+00 5.00000000e+00 5.00000000e+00 0.00000000e+00
 5.00000000e+00 5.00000000e+00 5.00000000e+00 5.00000000e+00
 0.00000000e+00 0.00000000e+00 5.00000000e+00 5.00000000e+00
 0.00000000e+00 5.00000000e+00 5.00000000e+00 5.00000000e+00
 0.00000000e+00 1.76000000e+02 2.55000000e+02 1.72000000e+02
 5.00000000e+00 0.00000000e+00 5.00000000e+00 6.60000000e+01
 2.40000000e+02 2.55000000e+02 2.48000000e+02 1.58000000e+02
 1.00000000e+01 5.00000000e+00 5.00000000e+00 5.00000000e+00
 5.00000000e+00 5.00000000e+00 0.00000000e+00 5.00000000e+00
 5.00000000e+00 5.00000000e+00 5.00000000e+00 5.00000000e+00
 0.00000000e+00 0.00000000e+00 0.00000000e+00 0.00000000e+00
 0.00000000e+00 2.50000000e+02 2.48000000e+02 3.80000000e+01
 0.00000000e+00 0.00000000e+00 5.00000000e+00 5.00000000e+00
 5.30000000e+01 1.98000000e+02 2.48000000e+02 2.48000000e+02
 1.59000000e+02 0.00000000e+00 5.00000000e+00 5.00000000e+00
 5.00000000e+00 0.00000000e+00 5.00000000e+00 5.00000000e+00
 5.00000000e+00 5.00000000e+00 5.00000000e+00 5.00000000e+00
 5.00000000e+00 5.00000000e+00 5.00000000e+00 0.00000000e+00
 0.00000000e+00 1.82000000e+02 2.48000000e+02 3.70000000e+01
 5.00000000e+00 5.00000000e+00 5.00000000e+00 5.00000000e+00
 5.00000000e+00 5.00000000e+01 2.31000000e+02 2.48000000e+02
 2.48000000e+02 8.95000000e+01 5.00000000e+00 5.00000000e+00
 0.00000000e+00 0.00000000e+00 5.00000000e+00 5.00000000e+00
 0.00000000e+00 5.00000000e+00 5.00000000e+00 5.00000000e+00
 0.00000000e+00 0.00000000e+00 5.00000000e+00 0.00000000e+00
 0.00000000e+00 1.51000000e+02 2.55000000e+02 3.70000000e+01
 5.00000000e+00 1.05000000e+02 1.95000000e+02 9.20000000e+01
 8.20000000e+01 9.20000000e+01 1.52000000e+02 2.48000000e+02
 2.55000000e+02 1.18000000e+02 5.00000000e+00 0.00000000e+00
 5.00000000e+00 0.00000000e+00 5.00000000e+00 5.00000000e+00
 5.00000000e+00 5.00000000e+00 5.00000000e+00 0.00000000e+00
 0.00000000e+00 0.00000000e+00 5.00000000e+00 0.00000000e+00
 5.00000000e+00 9.90000000e+01 2.48000000e+02 8.30000000e+01
 3.50000000e+01 2.43000000e+02 2.48000000e+02 2.48000000e+02
 2.48000000e+02 2.55000000e+02 2.48000000e+02 2.48000000e+02
 2.48000000e+02 2.28000000e+02 8.90000000e+01 2.00000000e+01
 5.00000000e+00 0.00000000e+00 5.00000000e+00 0.00000000e+00
 0.00000000e+00 5.00000000e+00 5.00000000e+00 5.00000000e+00
 0.00000000e+00 5.00000000e+00 0.00000000e+00 5.00000000e+00
 0.00000000e+00 9.00000000e+00 8.70000000e+01 7.00000000e+00
 3.00000000e+01 2.35000000e+02 2.48000000e+02 2.48000000e+02
 2.48000000e+02 2.55000000e+02 2.55000000e+02 2.48000000e+02
 2.48000000e+02 2.55000000e+02 2.48000000e+02 2.39000000e+02
 9.40000000e+01 5.00000000e+00 0.00000000e+00 0.00000000e+00
 0.00000000e+00 5.00000000e+00 5.00000000e+00 5.00000000e+00
 5.00000000e+00 0.00000000e+00 5.00000000e+00 5.00000000e+00
 0.00000000e+00 0.00000000e+00 0.00000000e+00 0.00000000e+00
 0.00000000e+00 8.00000000e+01 1.66000000e+02 1.84000000e+02
 2.55000000e+02 2.55000000e+02 2.48000000e+02 2.48000000e+02
 2.48000000e+02 2.48000000e+02 2.48000000e+02 2.48000000e+02
 2.48000000e+02 2.04000000e+02 3.80000000e+01 0.00000000e+00
 0.00000000e+00 5.00000000e+00 5.00000000e+00 0.00000000e+00
 0.00000000e+00 0.00000000e+00 0.00000000e+00 0.00000000e+00
 0.00000000e+00 0.00000000e+00 0.00000000e+00 0.00000000e+00
 5.00000000e+00 5.00000000e+00 5.00000000e+00 8.00000000e+00
 2.10000000e+01 2.10000000e+01 4.40000000e+01 4.30000000e+01
 1.10000000e+01 1.10000000e+01 1.40000000e+02 2.38000000e+02
 2.48000000e+02 2.48000000e+02 1.80000000e+02 4.30000000e+01
 0.00000000e+00 5.00000000e+00 5.00000000e+00 5.00000000e+00
 5.00000000e+00 5.00000000e+00 0.00000000e+00 0.00000000e+00
 0.00000000e+00 0.00000000e+00 5.00000000e+00 5.00000000e+00
 5.00000000e+00 2.50000000e+01 6.30000000e+01 5.00000000e+00
 5.00000000e+00 0.00000000e+00 5.00000000e+00 0.00000000e+00
 5.00000000e+00 5.00000000e+00 0.00000000e+00 5.30000000e+01
 2.04000000e+02 2.48000000e+02 2.48000000e+02 1.78000000e+02
 5.00000000e+00 5.00000000e+00 5.00000000e+00 5.00000000e+00
 3.27889606e+00 5.00000000e+00 5.00000000e+00 0.00000000e+00
 0.00000000e+00 0.00000000e+00 0.00000000e+00 0.00000000e+00
 8.20000000e+01 2.26000000e+02 2.52000000e+02 8.40000000e+01
 5.00000000e+00 0.00000000e+00 0.00000000e+00 5.00000000e+00
 0.00000000e+00 0.00000000e+00 0.00000000e+00 0.00000000e+00
 8.00000000e+00 2.14000000e+02 2.48000000e+02 2.35000000e+02
 7.70000000e+01 5.00000000e+00 5.00000000e+00 0.00000000e+00
 0.00000000e+00 5.00000000e+00 5.00000000e+00 0.00000000e+00
 0.00000000e+00 0.00000000e+00 0.00000000e+00 0.00000000e+00
 8.50000000e+01 2.52000000e+02 2.55000000e+02 2.55000000e+02
 6.20000000e+01 5.00000000e+00 5.00000000e+00 0.00000000e+00
 0.00000000e+00 0.00000000e+00 0.00000000e+00 0.00000000e+00
 0.00000000e+00 4.80000000e+01 2.55000000e+02 2.55000000e+02
 1.96000000e+02 5.00000000e+00 5.00000000e+00 5.00000000e+00
 5.00000000e+00 0.00000000e+00 0.00000000e+00 0.00000000e+00
 0.00000000e+00 0.00000000e+00 5.00000000e+00 5.00000000e+00
 5.00000000e+00 1.21000000e+02 2.48000000e+02 2.48000000e+02
 5.40000000e+01 0.00000000e+00 0.00000000e+00 0.00000000e+00
 5.00000000e+00 0.00000000e+00 0.00000000e+00 0.00000000e+00
 5.00000000e+00 1.04000000e+02 2.55000000e+02 2.55000000e+02
 1.50000000e+02 5.00000000e+00 5.00000000e+00 5.00000000e+00
 2.24925592e-01 0.00000000e+00 0.00000000e+00 0.00000000e+00
 0.00000000e+00 0.00000000e+00 5.00000000e+00 0.00000000e+00
 5.00000000e+00 9.00000000e+00 1.83000000e+02 2.48000000e+02
 2.16000000e+02 1.53000000e+02 3.30000000e+01 5.00000000e+00
 0.00000000e+00 0.00000000e+00 0.00000000e+00 1.16000000e+02
 2.16000000e+02 2.51000000e+02 2.55000000e+02 2.55000000e+02
 1.50000000e+02 5.00000000e+00 5.00000000e+00 0.00000000e+00
 0.00000000e+00 0.00000000e+00 0.00000000e+00 0.00000000e+00
 0.00000000e+00 0.00000000e+00 5.00000000e+00 5.00000000e+00
 5.00000000e+00 5.00000000e+00 7.00000000e+00 2.26000000e+02
 2.51000000e+02 2.55000000e+02 2.55000000e+02 2.44000000e+02
 2.44000000e+02 2.54000000e+02 2.54000000e+02 2.55000000e+02
 2.55000000e+02 2.55000000e+02 2.55000000e+02 2.05000000e+02
 1.40000000e+01 0.00000000e+00 5.00000000e+00 0.00000000e+00
 5.00000000e+00 5.00000000e+00 0.00000000e+00 5.00000000e+00
 5.00000000e+00 5.00000000e+00 0.00000000e+00 5.00000000e+00
 5.00000000e+00 5.00000000e+00 5.00000000e+00 5.00000000e+00
 1.00000000e+02 1.88000000e+02 2.33000000e+02 2.55000000e+02
 2.55000000e+02 2.55000000e+02 2.55000000e+02 2.55000000e+02
 2.55000000e+02 2.00000000e+02 1.29000000e+02 2.80000000e+01
 0.00000000e+00 0.00000000e+00 5.00000000e+00 5.00000000e+00
 8.72595235e-02 2.30269963e-01 0.00000000e+00 0.00000000e+00
 5.00000000e+00 0.00000000e+00 0.00000000e+00 5.00000000e+00
 5.00000000e+00 5.00000000e+00 5.00000000e+00 5.00000000e+00
 0.00000000e+00 5.00000000e+00 2.90000000e+01 4.20000000e+01
 1.43000000e+02 7.90000000e+01 1.31000000e+02 9.30000000e+01
 4.20000000e+01 1.20000000e+01 5.00000000e+00 5.00000000e+00
 0.00000000e+00 0.00000000e+00 5.00000000e+00 2.47648436e+00
 3.83381851e+00 1.97927544e+00 0.00000000e+00 0.00000000e+00
 0.00000000e+00 0.00000000e+00 0.00000000e+00 0.00000000e+00
 0.00000000e+00 5.00000000e+00 0.00000000e+00 5.00000000e+00
 5.00000000e+00 0.00000000e+00 0.00000000e+00 5.00000000e+00
 5.00000000e+00 5.00000000e+00 5.00000000e+00 0.00000000e+00
 5.00000000e+00 5.00000000e+00 5.00000000e+00 5.00000000e+00
 5.00000000e+00 5.00000000e+00 5.00000000e+00 3.74711325e-01
 4.44115690e+00 1.58263532e+00 5.00000000e+00 0.00000000e+00
 0.00000000e+00 0.00000000e+00 5.00000000e+00 5.00000000e+00
 0.00000000e+00 5.00000000e+00 5.00000000e+00 5.00000000e+00
 0.00000000e+00 0.00000000e+00 5.00000000e+00 5.00000000e+00
 5.00000000e+00 5.00000000e+00 5.00000000e+00 5.00000000e+00
 5.00000000e+00 5.00000000e+00 5.00000000e+00 5.00000000e+00
 0.00000000e+00 5.00000000e+00 0.00000000e+00 1.38507303e+00
 1.24010308e+00 3.88406185e+00 4.69675325e+00 0.00000000e+00
 5.00000000e+00 0.00000000e+00 5.00000000e+00 5.00000000e+00
 5.00000000e+00 5.00000000e+00 5.00000000e+00 5.00000000e+00
 5.00000000e+00 5.00000000e+00 5.00000000e+00 5.00000000e+00
 5.00000000e+00 5.00000000e+00 5.00000000e+00 5.00000000e+00
 5.00000000e+00 5.00000000e+00 5.00000000e+00 0.00000000e+00
 0.00000000e+00 0.00000000e+00 2.90072278e+00 3.42224855e+00
 5.02448058e-01 7.72345402e-01 3.64717392e+00 1.78800625e+00
 0.00000000e+00 0.00000000e+00 0.00000000e+00 0.00000000e+00
 5.00000000e+00 5.00000000e+00 5.00000000e+00 5.00000000e+00
 5.00000000e+00 5.00000000e+00 5.00000000e+00 5.00000000e+00
 5.00000000e+00 5.00000000e+00 5.00000000e+00 5.00000000e+00
 5.00000000e+00 0.00000000e+00 0.00000000e+00 5.00000000e+00
 6.98964655e-01 4.95320670e+00 4.74889792e-01 4.75180560e+00]
37.113478899002075 seconds
img 19
Proc 5
Proc 2
Proc 7
Proc 0
Proc 6
Proc 8
Proc 3
Proc 1
Proc 4
No attacks
81.26343488693237 seconds
img 20
Proc 4
Proc 1
Proc 5
Proc 6
Proc 2
Proc 8
Proc 3
Proc 7
Proc 0
No attacks
84.14669179916382 seconds
img 21
Proc 1
Proc 3
Proc 0
Proc 4
Proc 7
Proc 8
Proc 2
Proc 6
Proc 5
No attacks
77.71459174156189 seconds
img 22
Proc 3
Proc 8
Proc 0
Proc 5
Proc 7
Proc 6
Proc 2
Proc 4
Proc 1
No attacks
79.4369204044342 seconds
img 23
Proc 7
Proc 6
Proc 3
Proc 2
Proc 8
Proc 4
Proc 0
Proc 1
Proc 5
No attacks
77.5458173751831 seconds
img 24
Proc 6
Proc 0
Proc 5
Proc 2
Proc 7
Proc 3
Proc 1
Proc 4
Proc 8
No attacks
80.51095175743103 seconds
