Proc 0
Proc 6
Proc 3
Proc 5
Proc 4
Proc 7
Proc 1
Proc 8
Proc 2
No attacks
83.94489526748657 seconds
img 0
Proc 3
Proc 0
Proc 5
Proc 2
Proc 8
Proc 7
Proc 1
Proc 4
Proc 6
No attacks
82.13759326934814 seconds
img 1
Proc 5
Proc 1
Proc 6
Proc 7
Proc 4
Proc 8
Proc 3
Proc 0
Proc 2
No attacks
84.88306164741516 seconds
img 2
Proc 1
Proc 2
Proc 3
Proc 5
Proc 0
Proc 6
Proc 7
Proc 4
Proc 8
No attacks
83.94505977630615 seconds
img 3
Proc 1
Proc 8
Proc 0
Proc 4
Proc 5
Proc 3
Proc 2
Proc 7
Proc 6
No attacks
82.86954998970032 seconds
img 4
Proc 2
Proc 3
Proc 1
Proc 7
Proc 0
Proc 4
Proc 5
Proc 6
Proc 8
No attacks
81.54663443565369 seconds
img 5
Proc 2
Proc 3
Proc 5
Proc 4
Proc 1
Proc 0
Proc 7
Proc 6
Proc 8
No attacks
82.95181703567505 seconds
img 6
Proc 3
Proc 1
Proc 2
Proc 4
Proc 6
Proc 0
Proc 7
Proc 8
Proc 5
No attacks
83.51026606559753 seconds
img 7
Proc 0
Proc 2
Proc 4
Proc 8
Proc 5
Proc 7
Proc 3
Proc 1
Proc 6
No attacks
83.13210034370422 seconds
img 8
Proc 3
Proc 5
Proc 0
Proc 7
Proc 2
Proc 4
Proc 8
Proc 1
Proc 6
Attack found for 6 :
[2.72387452e+00 3.58481202e+00 2.19420519e+00 1.65736900e+00
 4.47078222e+00 3.00242443e+00 5.36064271e-01 1.36628937e+00
 5.50548907e-01 7.49663834e-02 2.70131777e+00 3.61714392e+00
 5.00000000e+00 0.00000000e+00 5.00000000e+00 0.00000000e+00
 2.88246191e+00 2.39008303e+00 2.90855721e+00 7.66649878e-01
 4.49802137e+00 3.67068600e+00 1.18238163e+00 1.90340914e+00
 2.30729356e+00 3.75407986e+00 8.28261587e-01 7.06100048e-01
 1.98483291e+00 4.68897554e+00 2.66133452e+00 3.52463867e+00
 0.00000000e+00 5.00000000e+00 0.00000000e+00 0.00000000e+00
 5.00000000e+00 0.00000000e+00 0.00000000e+00 5.00000000e+00
 5.00000000e+00 5.00000000e+00 0.00000000e+00 5.00000000e+00
 5.00000000e+00 0.00000000e+00 0.00000000e+00 5.00000000e+00
 5.00000000e+00 0.00000000e+00 5.00000000e+00 5.00000000e+00
 4.28216976e+00 5.33863467e-01 9.66421481e-01 4.48059354e+00
 2.17243303e-01 4.16800064e+00 5.00000000e+00 0.00000000e+00
 5.00000000e+00 0.00000000e+00 0.00000000e+00 5.00000000e+00
 5.00000000e+00 5.00000000e+00 0.00000000e+00 5.00000000e+00
 0.00000000e+00 5.00000000e+00 5.00000000e+00 0.00000000e+00
 5.00000000e+00 0.00000000e+00 5.00000000e+00 0.00000000e+00
 5.00000000e+00 5.00000000e+00 0.00000000e+00 5.00000000e+00
 0.00000000e+00 0.00000000e+00 4.45698645e+00 2.62347307e-01
 4.10244663e+00 2.55946688e+00 0.00000000e+00 5.00000000e+00
 5.00000000e+00 0.00000000e+00 0.00000000e+00 5.00000000e+00
 5.00000000e+00 5.00000000e+00 0.00000000e+00 0.00000000e+00
 0.00000000e+00 0.00000000e+00 5.00000000e+00 0.00000000e+00
 0.00000000e+00 5.00000000e+00 0.00000000e+00 5.00000000e+00
 5.00000000e+00 5.00000000e+00 5.00000000e+00 0.00000000e+00
 5.00000000e+00 0.00000000e+00 5.00000000e+00 2.57060582e+00
 3.54753071e-01 5.00000000e+00 0.00000000e+00 0.00000000e+00
 5.00000000e+00 5.00000000e+00 5.00000000e+00 5.00000000e+00
 5.00000000e+00 0.00000000e+00 0.00000000e+00 0.00000000e+00
 0.00000000e+00 0.00000000e+00 0.00000000e+00 5.00000000e+00
 5.00000000e+00 2.20000000e+01 4.20000000e+01 5.20000000e+01
 5.20000000e+01 2.10000000e+01 1.24000000e+02 8.00000000e+01
 4.20000000e+01 0.00000000e+00 5.00000000e+00 5.00000000e+00
 4.93535260e+00 2.37877916e+00 5.00000000e+00 5.00000000e+00
 0.00000000e+00 5.00000000e+00 5.00000000e+00 5.00000000e+00
 0.00000000e+00 0.00000000e+00 0.00000000e+00 0.00000000e+00
 0.00000000e+00 5.00000000e+00 5.00000000e+00 8.00000000e+01
 1.58000000e+02 2.22000000e+02 2.55000000e+02 2.55000000e+02
 2.55000000e+02 2.20000000e+02 2.41000000e+02 2.48000000e+02
 2.48000000e+02 0.00000000e+00 5.00000000e+00 0.00000000e+00
 2.19478831e+00 0.00000000e+00 0.00000000e+00 5.00000000e+00
 5.00000000e+00 0.00000000e+00 0.00000000e+00 0.00000000e+00
 0.00000000e+00 0.00000000e+00 0.00000000e+00 0.00000000e+00
 3.00000000e+01 1.37000000e+02 2.49000000e+02 2.55000000e+02
 2.55000000e+02 2.55000000e+02 2.55000000e+02 2.48000000e+02
 2.48000000e+02 2.55000000e+02 2.48000000e+02 2.48000000e+02
 2.48000000e+02 0.00000000e+00 0.00000000e+00 0.00000000e+00
 0.00000000e+00 0.00000000e+00 5.00000000e+00 5.00000000e+00
 0.00000000e+00 5.00000000e+00 0.00000000e+00 0.00000000e+00
 0.00000000e+00 0.00000000e+00 0.00000000e+00 0.00000000e+00
 5.80000000e+01 2.48000000e+02 2.55000000e+02 2.55000000e+02
 2.55000000e+02 2.55000000e+02 2.55000000e+02 2.55000000e+02
 2.18000000e+02 1.65000000e+02 1.65000000e+02 1.75000000e+02
 1.65000000e+02 0.00000000e+00 0.00000000e+00 5.00000000e+00
 5.00000000e+00 5.00000000e+00 5.00000000e+00 0.00000000e+00
 5.00000000e+00 0.00000000e+00 0.00000000e+00 0.00000000e+00
 1.50000000e+01 1.27000000e+02 6.70000000e+01 0.00000000e+00
 5.20000000e+01 2.33000000e+02 2.22000000e+02 2.43000000e+02
 1.73000000e+02 1.29000000e+02 7.40000000e+01 2.50000000e+01
 1.60000000e+01 5.00000000e+00 0.00000000e+00 5.00000000e+00
 0.00000000e+00 0.00000000e+00 0.00000000e+00 5.00000000e+00
 5.00000000e+00 5.00000000e+00 0.00000000e+00 0.00000000e+00
 5.00000000e+00 5.00000000e+00 5.00000000e+00 1.60000000e+01
 2.11000000e+02 2.48000000e+02 7.30000000e+01 0.00000000e+00
 0.00000000e+00 2.70000000e+01 0.00000000e+00 3.50000000e+01
 7.00000000e+00 0.00000000e+00 0.00000000e+00 5.00000000e+00
 5.00000000e+00 5.00000000e+00 5.00000000e+00 0.00000000e+00
 0.00000000e+00 0.00000000e+00 0.00000000e+00 0.00000000e+00
 5.00000000e+00 0.00000000e+00 5.00000000e+00 5.00000000e+00
 0.00000000e+00 0.00000000e+00 1.00000000e+00 1.72000000e+02
 2.48000000e+02 1.27000000e+02 5.00000000e+00 5.00000000e+00
 0.00000000e+00 5.00000000e+00 5.00000000e+00 5.00000000e+00
 0.00000000e+00 0.00000000e+00 0.00000000e+00 5.00000000e+00
 5.00000000e+00 0.00000000e+00 0.00000000e+00 0.00000000e+00
 0.00000000e+00 0.00000000e+00 0.00000000e+00 5.00000000e+00
 0.00000000e+00 0.00000000e+00 5.00000000e+00 0.00000000e+00
 0.00000000e+00 7.00000000e+00 1.28000000e+02 2.48000000e+02
 2.38000000e+02 1.00000000e+01 0.00000000e+00 0.00000000e+00
 0.00000000e+00 5.00000000e+00 5.00000000e+00 0.00000000e+00
 0.00000000e+00 0.00000000e+00 0.00000000e+00 5.00000000e+00
 5.00000000e+00 0.00000000e+00 0.00000000e+00 0.00000000e+00
 0.00000000e+00 0.00000000e+00 0.00000000e+00 0.00000000e+00
 0.00000000e+00 0.00000000e+00 0.00000000e+00 0.00000000e+00
 0.00000000e+00 8.70000000e+01 2.55000000e+02 2.18000000e+02
 2.30000000e+01 0.00000000e+00 0.00000000e+00 0.00000000e+00
 0.00000000e+00 5.00000000e+00 5.00000000e+00 0.00000000e+00
 5.00000000e+00 5.00000000e+00 5.00000000e+00 5.00000000e+00
 0.00000000e+00 0.00000000e+00 0.00000000e+00 5.00000000e+00
 5.00000000e+00 0.00000000e+00 0.00000000e+00 0.00000000e+00
 5.00000000e+00 0.00000000e+00 0.00000000e+00 0.00000000e+00
 0.00000000e+00 1.45000000e+02 2.55000000e+02 1.69000000e+02
 0.00000000e+00 0.00000000e+00 0.00000000e+00 0.00000000e+00
 0.00000000e+00 5.00000000e+00 0.00000000e+00 0.00000000e+00
 5.00000000e+00 0.00000000e+00 5.00000000e+00 5.00000000e+00
 0.00000000e+00 5.00000000e+00 5.00000000e+00 5.00000000e+00
 5.00000000e+00 0.00000000e+00 5.00000000e+00 5.00000000e+00
 0.00000000e+00 0.00000000e+00 0.00000000e+00 0.00000000e+00
 0.00000000e+00 2.39000000e+02 2.55000000e+02 2.41000000e+02
 1.22000000e+02 5.40000000e+01 0.00000000e+00 5.00000000e+00
 5.00000000e+00 0.00000000e+00 0.00000000e+00 0.00000000e+00
 5.00000000e+00 5.00000000e+00 5.00000000e+00 5.00000000e+00
 0.00000000e+00 0.00000000e+00 5.00000000e+00 0.00000000e+00
 0.00000000e+00 0.00000000e+00 0.00000000e+00 0.00000000e+00
 5.00000000e+00 5.00000000e+00 0.00000000e+00 0.00000000e+00
 0.00000000e+00 2.55000000e+02 2.48000000e+02 2.48000000e+02
 2.48000000e+02 2.46000000e+02 1.42000000e+02 9.60000000e+01
 1.16000000e+02 9.00000000e+01 3.70000000e+01 3.70000000e+01
 8.00000000e+01 2.30000000e+01 0.00000000e+00 5.00000000e+00
 0.00000000e+00 0.00000000e+00 5.00000000e+00 0.00000000e+00
 0.00000000e+00 0.00000000e+00 0.00000000e+00 5.00000000e+00
 0.00000000e+00 5.00000000e+00 0.00000000e+00 0.00000000e+00
 5.00000000e+00 1.44000000e+02 2.55000000e+02 2.55000000e+02
 2.48000000e+02 2.55000000e+02 2.55000000e+02 2.55000000e+02
 2.48000000e+02 2.48000000e+02 2.48000000e+02 2.48000000e+02
 2.55000000e+02 2.27000000e+02 1.63000000e+02 0.00000000e+00
 0.00000000e+00 0.00000000e+00 0.00000000e+00 5.00000000e+00
 5.00000000e+00 0.00000000e+00 0.00000000e+00 5.00000000e+00
 1.43283525e+00 0.00000000e+00 0.00000000e+00 5.00000000e+00
 0.00000000e+00 8.00000000e+00 4.80000000e+01 2.23000000e+02
 2.17000000e+02 2.46000000e+02 2.55000000e+02 2.55000000e+02
 2.48000000e+02 2.48000000e+02 2.48000000e+02 2.55000000e+02
 2.55000000e+02 2.48000000e+02 2.47000000e+02 1.29000000e+02
 0.00000000e+00 0.00000000e+00 0.00000000e+00 5.00000000e+00
 5.00000000e+00 5.00000000e+00 0.00000000e+00 5.00000000e+00
 0.00000000e+00 0.00000000e+00 5.00000000e+00 5.00000000e+00
 0.00000000e+00 0.00000000e+00 0.00000000e+00 0.00000000e+00
 5.00000000e+00 7.20000000e+01 7.70000000e+01 2.05000000e+02
 2.48000000e+02 2.55000000e+02 2.55000000e+02 2.55000000e+02
 2.48000000e+02 2.48000000e+02 2.48000000e+02 1.70000000e+02
 0.00000000e+00 0.00000000e+00 5.00000000e+00 5.00000000e+00
 0.00000000e+00 0.00000000e+00 5.00000000e+00 0.00000000e+00
 0.00000000e+00 0.00000000e+00 0.00000000e+00 0.00000000e+00
 0.00000000e+00 0.00000000e+00 0.00000000e+00 5.00000000e+00
 5.00000000e+00 5.00000000e+00 5.00000000e+00 1.25000000e+02
 2.55000000e+02 2.54000000e+02 1.57000000e+02 4.60000000e+01
 1.59000000e+02 2.48000000e+02 2.48000000e+02 1.70000000e+02
 0.00000000e+00 1.00000000e+00 5.00000000e+00 0.00000000e+00
 0.00000000e+00 5.00000000e+00 0.00000000e+00 5.00000000e+00
 5.62690497e-01 5.00000000e+00 5.00000000e+00 0.00000000e+00
 0.00000000e+00 5.00000000e+00 5.00000000e+00 5.00000000e+00
 5.00000000e+00 5.00000000e+00 5.00000000e+00 5.50000000e+01
 2.55000000e+02 2.55000000e+02 2.48000000e+02 1.93000000e+02
 2.47000000e+02 2.48000000e+02 2.55000000e+02 1.43000000e+02
 5.00000000e+00 5.00000000e+00 0.00000000e+00 0.00000000e+00
 0.00000000e+00 5.00000000e+00 5.00000000e+00 5.00000000e+00
 0.00000000e+00 0.00000000e+00 5.00000000e+00 5.00000000e+00
 0.00000000e+00 5.00000000e+00 5.00000000e+00 5.00000000e+00
 5.00000000e+00 0.00000000e+00 5.00000000e+00 1.40000000e+01
 1.72000000e+02 2.55000000e+02 2.55000000e+02 2.55000000e+02
 2.48000000e+02 2.55000000e+02 1.80000000e+02 6.00000000e+00
 0.00000000e+00 0.00000000e+00 0.00000000e+00 0.00000000e+00
 0.00000000e+00 0.00000000e+00 5.00000000e+00 0.00000000e+00
 5.00000000e+00 0.00000000e+00 5.00000000e+00 0.00000000e+00
 0.00000000e+00 5.00000000e+00 5.00000000e+00 5.00000000e+00
 5.00000000e+00 5.00000000e+00 0.00000000e+00 0.00000000e+00
 2.80000000e+01 1.85000000e+02 2.36000000e+02 2.55000000e+02
 2.26000000e+02 1.33000000e+02 5.00000000e+00 5.00000000e+00
 0.00000000e+00 0.00000000e+00 5.00000000e+00 0.00000000e+00
 0.00000000e+00 0.00000000e+00 5.00000000e+00 5.00000000e+00
 1.25714192e+00 4.26655198e+00 5.00000000e+00 0.00000000e+00
 0.00000000e+00 0.00000000e+00 5.00000000e+00 5.00000000e+00
 0.00000000e+00 5.00000000e+00 0.00000000e+00 0.00000000e+00
 0.00000000e+00 0.00000000e+00 8.80000000e+01 1.54000000e+02
 2.70000000e+01 5.00000000e+00 0.00000000e+00 0.00000000e+00
 0.00000000e+00 0.00000000e+00 0.00000000e+00 0.00000000e+00
 0.00000000e+00 0.00000000e+00 5.00000000e+00 1.38134609e+00
 9.70279075e-01 1.55563155e+00 0.00000000e+00 0.00000000e+00
 0.00000000e+00 0.00000000e+00 5.00000000e+00 5.00000000e+00
 0.00000000e+00 0.00000000e+00 0.00000000e+00 0.00000000e+00
 0.00000000e+00 0.00000000e+00 0.00000000e+00 0.00000000e+00
 0.00000000e+00 0.00000000e+00 0.00000000e+00 0.00000000e+00
 0.00000000e+00 0.00000000e+00 0.00000000e+00 0.00000000e+00
 5.00000000e+00 0.00000000e+00 0.00000000e+00 2.44597711e+00
 4.70701802e+00 4.42063581e+00 0.00000000e+00 0.00000000e+00
 0.00000000e+00 5.00000000e+00 5.00000000e+00 5.00000000e+00
 5.00000000e+00 0.00000000e+00 0.00000000e+00 0.00000000e+00
 5.00000000e+00 0.00000000e+00 5.00000000e+00 0.00000000e+00
 0.00000000e+00 0.00000000e+00 0.00000000e+00 0.00000000e+00
 5.00000000e+00 0.00000000e+00 0.00000000e+00 5.00000000e+00
 0.00000000e+00 0.00000000e+00 5.00000000e+00 1.69535441e+00
 4.03574851e+00 1.46435732e+00 4.07170302e-01 5.00000000e+00
 0.00000000e+00 0.00000000e+00 5.00000000e+00 5.00000000e+00
 5.00000000e+00 5.00000000e+00 0.00000000e+00 5.00000000e+00
 5.00000000e+00 5.00000000e+00 5.00000000e+00 0.00000000e+00
 0.00000000e+00 0.00000000e+00 5.00000000e+00 5.00000000e+00
 0.00000000e+00 0.00000000e+00 5.00000000e+00 5.00000000e+00
 0.00000000e+00 5.00000000e+00 2.28747477e+00 4.69443723e+00
 2.48398498e+00 1.89600282e+00 3.98718099e+00 6.49374953e-01
 5.00000000e+00 0.00000000e+00 5.00000000e+00 5.00000000e+00
 0.00000000e+00 5.00000000e+00 0.00000000e+00 0.00000000e+00
 5.00000000e+00 5.00000000e+00 0.00000000e+00 0.00000000e+00
 0.00000000e+00 0.00000000e+00 5.00000000e+00 5.00000000e+00
 5.00000000e+00 0.00000000e+00 5.00000000e+00 0.00000000e+00
 3.99230258e+00 2.25095469e+00 2.65717966e+00 1.55491727e+00]
38.37985348701477 seconds
img 9
Proc 4
Proc 1
Proc 3
Proc 0
Proc 8
Proc 6
Proc 7
Proc 2
Proc 5
No attacks
82.22779846191406 seconds
img 10
Proc 0
Proc 2
Proc 1
Proc 5
Proc 8
Proc 3
Proc 4
Proc 6
Proc 7
No attacks
82.40958189964294 seconds
img 11
Proc 7
Proc 3
Proc 4
Proc 5
Proc 2
Proc 8
Proc 1
Proc 6
Proc 0
No attacks
82.12495303153992 seconds
img 12
Proc 8
Proc 0
Proc 1
Proc 2
Proc 6
Proc 4
Proc 7
Proc 5
Proc 3
No attacks
82.42772436141968 seconds
img 13
Proc 0
Proc 3
Proc 4
Proc 5
Proc 6
Proc 7
Proc 8
Proc 2
Proc 1
No attacks
81.81564807891846 seconds
img 14
Proc 1
Proc 6
Proc 7
Proc 4
Proc 2
Proc 5
Proc 8
Proc 3
Proc 0
No attacks
83.69449949264526 seconds
img 15
Proc 3
Proc 1
Proc 6
Proc 2
Proc 7
Proc 8
Proc 4
Proc 5
Proc 0
Attack found for 3 :
[1.47742995e+00 1.06422573e+00 4.16723420e-01 4.57212078e+00
 2.10507681e-01 1.82246869e+00 3.66887995e+00 2.86633959e+00
 3.08312585e+00 5.56187606e-01 2.05454519e+00 3.11466575e+00
 5.00000000e+00 0.00000000e+00 0.00000000e+00 0.00000000e+00
 3.98766688e+00 2.18461768e+00 1.32173051e-01 4.95499146e+00
 2.01256831e+00 4.94357193e+00 3.81173208e+00 4.09371854e+00
 1.46966957e+00 3.77377426e+00 1.49259944e-01 2.85713419e+00
 2.08859145e+00 3.78242853e-01 1.19352679e+00 4.37231208e-01
 5.00000000e+00 0.00000000e+00 5.00000000e+00 5.00000000e+00
 0.00000000e+00 5.00000000e+00 5.00000000e+00 5.00000000e+00
 5.00000000e+00 5.00000000e+00 0.00000000e+00 0.00000000e+00
 0.00000000e+00 0.00000000e+00 5.00000000e+00 0.00000000e+00
 5.00000000e+00 5.00000000e+00 0.00000000e+00 5.00000000e+00
 2.59337920e+00 8.70041252e-01 6.76558151e-01 4.85200367e+00
 3.78593804e+00 2.31571320e+00 0.00000000e+00 0.00000000e+00
 0.00000000e+00 0.00000000e+00 0.00000000e+00 0.00000000e+00
 0.00000000e+00 5.00000000e+00 5.00000000e+00 0.00000000e+00
 5.00000000e+00 5.00000000e+00 5.00000000e+00 0.00000000e+00
 0.00000000e+00 0.00000000e+00 0.00000000e+00 0.00000000e+00
 0.00000000e+00 0.00000000e+00 0.00000000e+00 5.00000000e+00
 5.00000000e+00 5.00000000e+00 4.15021771e+00 2.37237315e+00
 3.33815727e+00 2.10634986e+00 0.00000000e+00 0.00000000e+00
 0.00000000e+00 0.00000000e+00 5.00000000e+00 5.00000000e+00
 0.00000000e+00 0.00000000e+00 5.00000000e+00 5.00000000e+00
 5.00000000e+00 5.00000000e+00 0.00000000e+00 0.00000000e+00
 5.00000000e+00 0.00000000e+00 0.00000000e+00 0.00000000e+00
 0.00000000e+00 0.00000000e+00 0.00000000e+00 5.00000000e+00
 0.00000000e+00 5.00000000e+00 5.00000000e+00 4.90651356e+00
 3.76609365e+00 0.00000000e+00 5.00000000e+00 5.00000000e+00
 5.00000000e+00 5.00000000e+00 5.00000000e+00 5.00000000e+00
 5.00000000e+00 5.00000000e+00 5.00000000e+00 5.00000000e+00
 5.60000000e+01 1.37000000e+02 2.09000000e+02 2.55000000e+02
 2.55000000e+02 2.48000000e+02 1.98000000e+02 1.57000000e+02
 3.60000000e+01 0.00000000e+00 0.00000000e+00 0.00000000e+00
 0.00000000e+00 5.00000000e+00 0.00000000e+00 0.00000000e+00
 3.73508336e-01 5.75098315e-01 0.00000000e+00 5.00000000e+00
 5.00000000e+00 5.00000000e+00 5.00000000e+00 5.00000000e+00
 1.07000000e+02 1.47000000e+02 1.98000000e+02 1.98000000e+02
 2.55000000e+02 2.55000000e+02 2.55000000e+02 2.55000000e+02
 1.56000000e+02 6.50000000e+01 0.00000000e+00 0.00000000e+00
 0.00000000e+00 0.00000000e+00 0.00000000e+00 0.00000000e+00
 0.00000000e+00 0.00000000e+00 5.00000000e+00 5.00000000e+00
 1.44855115e+00 5.00000000e+00 5.00000000e+00 5.00000000e+00
 5.00000000e+00 5.00000000e+00 5.00000000e+00 5.00000000e+00
 2.49000000e+02 2.55000000e+02 2.39000000e+02 2.08000000e+02
 1.47000000e+02 1.07000000e+02 8.70000000e+01 0.00000000e+00
 5.00000000e+00 5.00000000e+00 0.00000000e+00 0.00000000e+00
 5.00000000e+00 5.00000000e+00 0.00000000e+00 0.00000000e+00
 0.00000000e+00 0.00000000e+00 0.00000000e+00 0.00000000e+00
 5.00000000e+00 0.00000000e+00 5.00000000e+00 5.00000000e+00
 5.00000000e+00 5.00000000e+00 5.00000000e+00 0.00000000e+00
 1.67000000e+02 2.47000000e+02 1.98000000e+02 5.00000000e+00
 5.00000000e+00 5.00000000e+00 5.00000000e+00 5.00000000e+00
 5.00000000e+00 5.00000000e+00 0.00000000e+00 0.00000000e+00
 5.00000000e+00 0.00000000e+00 0.00000000e+00 0.00000000e+00
 0.00000000e+00 0.00000000e+00 5.00000000e+00 0.00000000e+00
 5.00000000e+00 5.00000000e+00 5.00000000e+00 5.00000000e+00
 5.00000000e+00 5.00000000e+00 0.00000000e+00 0.00000000e+00
 1.60000000e+01 2.18000000e+02 2.29000000e+02 2.50000000e+01
 5.00000000e+00 5.00000000e+00 5.00000000e+00 5.00000000e+00
 5.00000000e+00 5.00000000e+00 5.00000000e+00 5.00000000e+00
 0.00000000e+00 0.00000000e+00 5.00000000e+00 0.00000000e+00
 0.00000000e+00 0.00000000e+00 0.00000000e+00 5.00000000e+00
 0.00000000e+00 0.00000000e+00 5.00000000e+00 5.00000000e+00
 5.00000000e+00 5.00000000e+00 0.00000000e+00 0.00000000e+00
 0.00000000e+00 1.17000000e+02 2.48000000e+02 4.50000000e+01
 0.00000000e+00 5.00000000e+00 5.00000000e+00 5.00000000e+00
 5.00000000e+00 5.00000000e+00 5.00000000e+00 5.00000000e+00
 5.00000000e+00 5.00000000e+00 5.00000000e+00 5.00000000e+00
 0.00000000e+00 5.00000000e+00 5.00000000e+00 0.00000000e+00
 5.00000000e+00 0.00000000e+00 5.00000000e+00 5.00000000e+00
 5.00000000e+00 0.00000000e+00 0.00000000e+00 0.00000000e+00
 0.00000000e+00 1.18000000e+02 2.49000000e+02 8.60000000e+01
 5.60000000e+01 5.60000000e+01 5.60000000e+01 1.50000000e+01
 5.00000000e+00 5.00000000e+00 0.00000000e+00 5.00000000e+00
 5.00000000e+00 5.00000000e+00 5.00000000e+00 5.00000000e+00
 0.00000000e+00 0.00000000e+00 0.00000000e+00 0.00000000e+00
 5.00000000e+00 0.00000000e+00 5.00000000e+00 5.00000000e+00
 5.00000000e+00 0.00000000e+00 0.00000000e+00 0.00000000e+00
 1.60000000e+01 2.18000000e+02 2.55000000e+02 2.55000000e+02
 2.55000000e+02 2.55000000e+02 2.48000000e+02 1.77000000e+02
 7.70000000e+01 0.00000000e+00 0.00000000e+00 0.00000000e+00
 5.00000000e+00 5.00000000e+00 5.00000000e+00 5.00000000e+00
 0.00000000e+00 0.00000000e+00 4.00000000e+00 0.00000000e+00
 0.00000000e+00 5.00000000e+00 0.00000000e+00 5.00000000e+00
 0.00000000e+00 0.00000000e+00 0.00000000e+00 1.60000000e+01
 2.09000000e+02 2.48000000e+02 1.98000000e+02 1.67000000e+02
 1.07000000e+02 9.70000000e+01 2.05000000e+02 2.28000000e+02
 2.49000000e+02 2.48000000e+02 4.60000000e+01 5.00000000e+00
 5.00000000e+00 0.00000000e+00 0.00000000e+00 0.00000000e+00
 0.00000000e+00 0.00000000e+00 5.00000000e+00 5.00000000e+00
 5.00000000e+00 0.00000000e+00 0.00000000e+00 5.00000000e+00
 0.00000000e+00 0.00000000e+00 0.00000000e+00 5.60000000e+01
 2.48000000e+02 1.66000000e+02 5.00000000e+00 5.00000000e+00
 5.00000000e+00 0.00000000e+00 5.00000000e+00 1.50000000e+01
 1.17000000e+02 1.97000000e+02 2.55000000e+02 2.17000000e+02
 4.60000000e+01 5.00000000e+00 0.00000000e+00 0.00000000e+00
 0.00000000e+00 5.00000000e+00 0.00000000e+00 5.00000000e+00
 5.00000000e+00 5.00000000e+00 5.00000000e+00 5.00000000e+00
 0.00000000e+00 0.00000000e+00 0.00000000e+00 5.00000000e+00
 5.00000000e+00 0.00000000e+00 0.00000000e+00 0.00000000e+00
 0.00000000e+00 0.00000000e+00 5.00000000e+00 0.00000000e+00
 5.00000000e+00 5.00000000e+00 1.07000000e+02 2.08000000e+02
 2.39000000e+02 5.60000000e+01 0.00000000e+00 0.00000000e+00
 0.00000000e+00 5.00000000e+00 5.00000000e+00 0.00000000e+00
 0.00000000e+00 0.00000000e+00 5.00000000e+00 5.00000000e+00
 0.00000000e+00 5.00000000e+00 5.00000000e+00 5.00000000e+00
 0.00000000e+00 0.00000000e+00 0.00000000e+00 0.00000000e+00
 0.00000000e+00 0.00000000e+00 0.00000000e+00 5.00000000e+00
 5.00000000e+00 5.00000000e+00 0.00000000e+00 2.50000000e+01
 2.18000000e+02 2.37000000e+02 8.70000000e+01 0.00000000e+00
 0.00000000e+00 5.00000000e+00 5.00000000e+00 0.00000000e+00
 0.00000000e+00 5.00000000e+00 0.00000000e+00 5.00000000e+00
 0.00000000e+00 0.00000000e+00 5.00000000e+00 5.00000000e+00
 0.00000000e+00 5.00000000e+00 0.00000000e+00 0.00000000e+00
 0.00000000e+00 0.00000000e+00 0.00000000e+00 0.00000000e+00
 5.00000000e+00 5.00000000e+00 5.00000000e+00 5.00000000e+00
 5.70000000e+01 2.08000000e+02 2.39000000e+02 1.07000000e+02
 0.00000000e+00 0.00000000e+00 5.00000000e+00 5.00000000e+00
 2.57776999e+00 5.00000000e+00 5.00000000e+00 5.00000000e+00
 5.00000000e+00 5.00000000e+00 5.00000000e+00 5.00000000e+00
 0.00000000e+00 0.00000000e+00 0.00000000e+00 0.00000000e+00
 0.00000000e+00 0.00000000e+00 0.00000000e+00 5.00000000e+00
 5.00000000e+00 5.00000000e+00 0.00000000e+00 5.00000000e+00
 0.00000000e+00 2.50000000e+01 2.18000000e+02 2.55000000e+02
 0.00000000e+00 5.00000000e+00 0.00000000e+00 0.00000000e+00
 5.00000000e+00 0.00000000e+00 5.00000000e+00 5.00000000e+00
 5.00000000e+00 5.00000000e+00 5.00000000e+00 5.00000000e+00
 0.00000000e+00 0.00000000e+00 0.00000000e+00 5.00000000e+00
 5.00000000e+00 5.00000000e+00 5.00000000e+00 5.00000000e+00
 0.00000000e+00 5.00000000e+00 0.00000000e+00 0.00000000e+00
 0.00000000e+00 5.00000000e+00 1.48000000e+02 2.55000000e+02
 0.00000000e+00 0.00000000e+00 5.00000000e+00 0.00000000e+00
 0.00000000e+00 5.00000000e+00 0.00000000e+00 0.00000000e+00
 5.00000000e+00 5.00000000e+00 5.00000000e+00 0.00000000e+00
 0.00000000e+00 0.00000000e+00 0.00000000e+00 0.00000000e+00
 5.00000000e+00 5.00000000e+00 5.00000000e+00 5.00000000e+00
 5.00000000e+00 0.00000000e+00 0.00000000e+00 0.00000000e+00
 0.00000000e+00 3.60000000e+01 2.28000000e+02 2.17000000e+02
 5.00000000e+00 0.00000000e+00 5.00000000e+00 0.00000000e+00
 1.02093011e+00 0.00000000e+00 0.00000000e+00 5.00000000e+00
 0.00000000e+00 0.00000000e+00 0.00000000e+00 0.00000000e+00
 1.08000000e+02 8.70000000e+01 0.00000000e+00 0.00000000e+00
 0.00000000e+00 5.00000000e+00 5.00000000e+00 5.00000000e+00
 0.00000000e+00 0.00000000e+00 0.00000000e+00 0.00000000e+00
 2.60000000e+01 1.68000000e+02 2.39000000e+02 3.50000000e+01
 5.00000000e+00 5.00000000e+00 0.00000000e+00 0.00000000e+00
 5.00000000e+00 5.00000000e+00 0.00000000e+00 5.00000000e+00
 0.00000000e+00 0.00000000e+00 0.00000000e+00 7.70000000e+01
 2.48000000e+02 1.46000000e+02 0.00000000e+00 5.00000000e+00
 5.00000000e+00 5.00000000e+00 5.00000000e+00 5.00000000e+00
 1.60000000e+01 9.70000000e+01 1.07000000e+02 1.78000000e+02
 2.28000000e+02 2.07000000e+02 7.60000000e+01 0.00000000e+00
 0.00000000e+00 5.00000000e+00 0.00000000e+00 0.00000000e+00
 0.00000000e+00 5.00000000e+00 5.00000000e+00 0.00000000e+00
 0.00000000e+00 5.00000000e+00 0.00000000e+00 7.70000000e+01
 2.55000000e+02 2.55000000e+02 2.39000000e+02 1.57000000e+02
 1.58000000e+02 1.88000000e+02 1.68000000e+02 2.48000000e+02
 2.49000000e+02 2.55000000e+02 2.49000000e+02 2.08000000e+02
 1.37000000e+02 1.50000000e+01 0.00000000e+00 0.00000000e+00
 5.00000000e+00 0.00000000e+00 5.00000000e+00 0.00000000e+00
 1.41402538e+00 1.20650878e+00 5.00000000e+00 5.00000000e+00
 0.00000000e+00 5.00000000e+00 5.00000000e+00 5.00000000e+00
 6.60000000e+01 1.56000000e+02 1.56000000e+02 2.37000000e+02
 2.55000000e+02 2.07000000e+02 1.87000000e+02 1.46000000e+02
 1.26000000e+02 4.50000000e+01 4.82993086e+01 5.00000000e+00
 0.00000000e+00 0.00000000e+00 0.00000000e+00 0.00000000e+00
 0.00000000e+00 0.00000000e+00 0.00000000e+00 3.88370469e-01
 8.46035716e-02 4.19095384e+00 5.00000000e+00 5.00000000e+00
 5.00000000e+00 5.00000000e+00 5.00000000e+00 5.00000000e+00
 0.00000000e+00 0.00000000e+00 5.00000000e+00 5.00000000e+00
 0.00000000e+00 5.00000000e+00 0.00000000e+00 0.00000000e+00
 0.00000000e+00 5.00000000e+00 0.00000000e+00 0.00000000e+00
 0.00000000e+00 0.00000000e+00 0.00000000e+00 0.00000000e+00
 0.00000000e+00 5.00000000e+00 0.00000000e+00 3.88608622e+00
 4.81143608e+00 1.73946003e+00 0.00000000e+00 5.00000000e+00
 5.00000000e+00 5.00000000e+00 5.00000000e+00 5.00000000e+00
 5.00000000e+00 5.00000000e+00 5.00000000e+00 5.00000000e+00
 5.00000000e+00 0.00000000e+00 5.00000000e+00 5.00000000e+00
 5.00000000e+00 5.00000000e+00 5.00000000e+00 5.00000000e+00
 5.00000000e+00 0.00000000e+00 0.00000000e+00 0.00000000e+00
 5.00000000e+00 0.00000000e+00 0.00000000e+00 2.64829258e+00
 2.44536593e+00 3.65804673e+00 1.70305513e+00 0.00000000e+00
 0.00000000e+00 0.00000000e+00 0.00000000e+00 5.00000000e+00
 5.00000000e+00 5.00000000e+00 5.00000000e+00 5.00000000e+00
 5.00000000e+00 5.00000000e+00 5.00000000e+00 5.00000000e+00
 5.00000000e+00 5.00000000e+00 5.00000000e+00 5.00000000e+00
 5.00000000e+00 5.00000000e+00 5.00000000e+00 0.00000000e+00
 0.00000000e+00 0.00000000e+00 3.20773535e+00 1.05161704e+00
 4.80993041e+00 3.74322068e+00 5.12081782e-01 4.11232337e+00
 5.00000000e+00 5.00000000e+00 5.00000000e+00 5.00000000e+00
 0.00000000e+00 5.00000000e+00 5.00000000e+00 5.00000000e+00
 5.00000000e+00 0.00000000e+00 0.00000000e+00 0.00000000e+00
 5.00000000e+00 5.00000000e+00 5.00000000e+00 0.00000000e+00
 0.00000000e+00 5.00000000e+00 0.00000000e+00 5.00000000e+00
 1.12812565e-01 4.35714652e+00 1.88461110e+00 5.95468197e-01]
40.08087158203125 seconds
img 16
Proc 3
Proc 1
Proc 6
Proc 5
Proc 0
Proc 7
Proc 8
Proc 4
Proc 2
No attacks
82.44099521636963 seconds
img 17
Proc 5
Proc 0
Proc 3
Proc 4
Proc 1
Proc 2
Proc 7
Proc 6
Proc 8
No attacks
83.16355490684509 seconds
img 18
Proc 3
Proc 0
Proc 1
Proc 2
Proc 5
Proc 7
Proc 6
Proc 4
Proc 8
Attack found for 8 :
[4.30080137e+00 2.46401575e+00 1.41256072e+00 1.65993979e-01
 3.76659912e+00 1.78689567e+00 2.44208789e+00 1.19029340e+00
 3.75977372e+00 2.73797069e-01 2.21545681e+00 3.82481258e+00
 0.00000000e+00 0.00000000e+00 0.00000000e+00 5.00000000e+00
 4.99214748e+00 2.60633732e+00 4.96960453e+00 7.29769511e-01
 3.40636098e+00 1.79645232e+00 3.55001040e+00 4.19844298e+00
 1.61998578e+00 1.59318100e+00 1.65443244e+00 1.00910094e+00
 2.02062676e+00 4.97536300e+00 3.54394065e+00 4.19544114e+00
 0.00000000e+00 0.00000000e+00 5.00000000e+00 0.00000000e+00
 5.00000000e+00 0.00000000e+00 5.00000000e+00 5.00000000e+00
 5.00000000e+00 5.00000000e+00 0.00000000e+00 5.00000000e+00
 0.00000000e+00 5.00000000e+00 5.00000000e+00 5.00000000e+00
 5.00000000e+00 5.00000000e+00 5.00000000e+00 0.00000000e+00
 3.81593623e+00 1.88869430e+00 2.80631239e+00 2.50219062e+00
 4.53266952e+00 1.22192874e-02 5.00000000e+00 5.00000000e+00
 5.00000000e+00 3.50000000e+00 0.00000000e+00 5.00000000e+00
 0.00000000e+00 0.00000000e+00 5.00000000e+00 5.00000000e+00
 0.00000000e+00 0.00000000e+00 5.00000000e+00 0.00000000e+00
 0.00000000e+00 0.00000000e+00 0.00000000e+00 5.00000000e+00
 5.00000000e+00 5.00000000e+00 5.00000000e+00 5.00000000e+00
 0.00000000e+00 0.00000000e+00 4.09491917e+00 2.17475457e+00
 3.09325322e+00 1.05452759e+00 5.00000000e+00 5.00000000e+00
 0.00000000e+00 0.00000000e+00 0.00000000e+00 0.00000000e+00
 0.00000000e+00 5.00000000e+00 0.00000000e+00 0.00000000e+00
 0.00000000e+00 0.00000000e+00 0.00000000e+00 0.00000000e+00
 0.00000000e+00 0.00000000e+00 0.00000000e+00 5.00000000e+00
 0.00000000e+00 5.00000000e+00 5.00000000e+00 5.00000000e+00
 5.00000000e+00 5.00000000e+00 0.00000000e+00 4.37138339e+00
 2.54888238e+00 5.00000000e+00 0.00000000e+00 5.00000000e+00
 5.00000000e+00 0.00000000e+00 7.00000000e+00 3.60000000e+01
 1.41000000e+02 1.41000000e+02 4.30000000e+01 0.00000000e+00
 5.00000000e+00 5.00000000e+00 5.00000000e+00 0.00000000e+00
 0.00000000e+00 0.00000000e+00 0.00000000e+00 0.00000000e+00
 5.00000000e+00 5.00000000e+00 5.00000000e+00 5.00000000e+00
 0.00000000e+00 0.00000000e+00 5.00000000e+00 5.00000000e+00
 2.69520027e+00 3.49183421e+00 5.00000000e+00 5.00000000e+00
 0.00000000e+00 7.00000000e+00 1.24000000e+02 2.48000000e+02
 2.48000000e+02 2.48000000e+02 2.45000000e+02 1.68000000e+02
 2.30000000e+01 5.00000000e+00 0.00000000e+00 0.00000000e+00
 0.00000000e+00 0.00000000e+00 0.00000000e+00 0.00000000e+00
 5.00000000e+00 5.00000000e+00 5.00000000e+00 5.00000000e+00
 5.00000000e+00 5.00000000e+00 0.00000000e+00 0.00000000e+00
 3.64063410e+00 0.00000000e+00 0.00000000e+00 0.00000000e+00
 0.00000000e+00 1.28000000e+02 2.48000000e+02 2.48000000e+02
 2.48000000e+02 2.48000000e+02 2.55000000e+02 2.55000000e+02
 2.34000000e+02 6.50000000e+01 0.00000000e+00 0.00000000e+00
 0.00000000e+00 0.00000000e+00 0.00000000e+00 0.00000000e+00
 0.00000000e+00 0.00000000e+00 5.00000000e+00 5.00000000e+00
 5.00000000e+00 0.00000000e+00 5.00000000e+00 5.00000000e+00
 5.00000000e+00 5.00000000e+00 0.00000000e+00 0.00000000e+00
 0.00000000e+00 9.60000000e+01 2.48000000e+02 2.55000000e+02
 1.40000000e+02 1.07000000e+02 1.12000000e+02 2.32000000e+02
 2.48000000e+02 2.42000000e+02 1.23000000e+02 5.00000000e+00
 0.00000000e+00 0.00000000e+00 0.00000000e+00 5.00000000e+00
 0.00000000e+00 0.00000000e+00 5.00000000e+00 5.00000000e+00
 5.00000000e+00 5.00000000e+00 5.00000000e+00 5.00000000e+00
 5.00000000e+00 5.00000000e+00 0.00000000e+00 0.00000000e+00
 0.00000000e+00 1.76000000e+02 2.48000000e+02 1.72000000e+02
 5.00000000e+00 5.00000000e+00 5.00000000e+00 6.60000000e+01
 2.30000000e+02 2.48000000e+02 2.48000000e+02 1.58000000e+02
 0.00000000e+00 0.00000000e+00 0.00000000e+00 0.00000000e+00
 0.00000000e+00 5.00000000e+00 5.00000000e+00 5.00000000e+00
 5.00000000e+00 5.00000000e+00 5.00000000e+00 5.00000000e+00
 5.00000000e+00 5.00000000e+00 0.00000000e+00 0.00000000e+00
 0.00000000e+00 2.50000000e+02 2.55000000e+02 4.80000000e+01
 5.00000000e+00 5.00000000e+00 5.00000000e+00 5.00000000e+00
 6.30000000e+01 1.88000000e+02 2.48000000e+02 2.48000000e+02
 1.59000000e+02 0.00000000e+00 0.00000000e+00 5.00000000e+00
 0.00000000e+00 0.00000000e+00 5.00000000e+00 5.00000000e+00
 5.00000000e+00 5.00000000e+00 0.00000000e+00 0.00000000e+00
 5.00000000e+00 0.00000000e+00 0.00000000e+00 0.00000000e+00
 5.00000000e+00 1.92000000e+02 2.55000000e+02 3.70000000e+01
 5.00000000e+00 5.00000000e+00 5.00000000e+00 5.00000000e+00
 5.00000000e+00 5.00000000e+01 2.31000000e+02 2.55000000e+02
 2.48000000e+02 8.10000000e+01 5.00000000e+00 5.00000000e+00
 5.00000000e+00 5.00000000e+00 5.00000000e+00 5.00000000e+00
 5.00000000e+00 0.00000000e+00 0.00000000e+00 5.00000000e+00
 5.00000000e+00 5.00000000e+00 0.00000000e+00 0.00000000e+00
 0.00000000e+00 1.51000000e+02 2.55000000e+02 3.70000000e+01
 5.00000000e+00 1.05000000e+02 1.95000000e+02 9.20000000e+01
 9.20000000e+01 8.20000000e+01 1.52000000e+02 2.48000000e+02
 2.48000000e+02 1.18000000e+02 0.00000000e+00 0.00000000e+00
 0.00000000e+00 5.00000000e+00 5.00000000e+00 5.00000000e+00
 5.00000000e+00 5.00000000e+00 5.00000000e+00 5.00000000e+00
 5.00000000e+00 0.00000000e+00 5.00000000e+00 0.00000000e+00
 0.00000000e+00 9.90000000e+01 2.55000000e+02 8.30000000e+01
 4.50000000e+01 2.53000000e+02 2.55000000e+02 2.55000000e+02
 2.55000000e+02 2.55000000e+02 2.48000000e+02 2.48000000e+02
 2.48000000e+02 2.28000000e+02 7.90000000e+01 1.00000000e+01
 5.00000000e+00 5.00000000e+00 5.00000000e+00 5.00000000e+00
 5.00000000e+00 5.00000000e+00 0.00000000e+00 5.00000000e+00
 5.00000000e+00 0.00000000e+00 0.00000000e+00 5.00000000e+00
 0.00000000e+00 1.90000000e+01 9.70000000e+01 7.00000000e+00
 4.00000000e+01 2.45000000e+02 2.55000000e+02 2.55000000e+02
 2.55000000e+02 2.55000000e+02 2.48000000e+02 2.55000000e+02
 2.55000000e+02 2.48000000e+02 2.55000000e+02 2.49000000e+02
 9.40000000e+01 1.50000000e+01 5.00000000e+00 5.00000000e+00
 5.00000000e+00 0.00000000e+00 5.00000000e+00 5.00000000e+00
 5.00000000e+00 5.00000000e+00 0.00000000e+00 5.00000000e+00
 0.00000000e+00 5.00000000e+00 0.00000000e+00 0.00000000e+00
 0.00000000e+00 8.00000000e+01 1.66000000e+02 1.84000000e+02
 2.55000000e+02 2.55000000e+02 2.48000000e+02 2.55000000e+02
 2.55000000e+02 2.55000000e+02 2.55000000e+02 2.48000000e+02
 2.48000000e+02 2.04000000e+02 3.80000000e+01 0.00000000e+00
 0.00000000e+00 0.00000000e+00 0.00000000e+00 0.00000000e+00
 0.00000000e+00 5.00000000e+00 5.00000000e+00 0.00000000e+00
 5.00000000e+00 0.00000000e+00 0.00000000e+00 0.00000000e+00
 5.00000000e+00 5.00000000e+00 5.00000000e+00 8.00000000e+00
 2.10000000e+01 2.10000000e+01 4.40000000e+01 3.30000000e+01
 1.10000000e+01 1.10000000e+01 1.40000000e+02 2.38000000e+02
 2.48000000e+02 2.48000000e+02 1.80000000e+02 4.30000000e+01
 5.00000000e+00 5.00000000e+00 5.00000000e+00 0.00000000e+00
 5.00000000e+00 0.00000000e+00 5.00000000e+00 0.00000000e+00
 0.00000000e+00 0.00000000e+00 0.00000000e+00 5.00000000e+00
 5.00000000e+00 2.50000000e+01 6.30000000e+01 5.00000000e+00
 5.00000000e+00 5.00000000e+00 5.00000000e+00 5.00000000e+00
 0.00000000e+00 0.00000000e+00 0.00000000e+00 5.30000000e+01
 2.04000000e+02 2.48000000e+02 2.48000000e+02 1.78000000e+02
 0.00000000e+00 5.00000000e+00 5.00000000e+00 0.00000000e+00
 4.88999330e+00 0.00000000e+00 5.00000000e+00 0.00000000e+00
 0.00000000e+00 0.00000000e+00 5.00000000e+00 5.00000000e+00
 8.20000000e+01 2.26000000e+02 2.52000000e+02 8.40000000e+01
 5.00000000e+00 5.00000000e+00 5.00000000e+00 5.00000000e+00
 5.00000000e+00 0.00000000e+00 0.00000000e+00 0.00000000e+00
 1.80000000e+01 2.14000000e+02 2.48000000e+02 2.35000000e+02
 7.70000000e+01 0.00000000e+00 0.00000000e+00 5.00000000e+00
 5.00000000e+00 0.00000000e+00 0.00000000e+00 0.00000000e+00
 0.00000000e+00 0.00000000e+00 0.00000000e+00 0.00000000e+00
 9.50000000e+01 2.52000000e+02 2.55000000e+02 2.55000000e+02
 6.20000000e+01 5.00000000e+00 5.00000000e+00 5.00000000e+00
 0.00000000e+00 0.00000000e+00 5.00000000e+00 0.00000000e+00
 0.00000000e+00 4.80000000e+01 2.46000000e+02 2.48000000e+02
 1.96000000e+02 0.00000000e+00 0.00000000e+00 0.00000000e+00
 0.00000000e+00 0.00000000e+00 0.00000000e+00 0.00000000e+00
 0.00000000e+00 0.00000000e+00 0.00000000e+00 5.00000000e+00
 5.00000000e+00 1.21000000e+02 2.55000000e+02 2.55000000e+02
 5.40000000e+01 5.00000000e+00 5.00000000e+00 5.00000000e+00
 0.00000000e+00 0.00000000e+00 0.00000000e+00 0.00000000e+00
 0.00000000e+00 9.40000000e+01 2.55000000e+02 2.55000000e+02
 1.40000000e+02 0.00000000e+00 0.00000000e+00 0.00000000e+00
 4.97751061e+00 0.00000000e+00 5.00000000e+00 0.00000000e+00
 0.00000000e+00 0.00000000e+00 0.00000000e+00 0.00000000e+00
 0.00000000e+00 9.00000000e+00 1.93000000e+02 2.50000000e+02
 2.16000000e+02 1.53000000e+02 3.30000000e+01 0.00000000e+00
 0.00000000e+00 0.00000000e+00 0.00000000e+00 1.06000000e+02
 2.06000000e+02 2.51000000e+02 2.55000000e+02 2.55000000e+02
 1.40000000e+02 0.00000000e+00 5.00000000e+00 5.00000000e+00
 5.00000000e+00 5.00000000e+00 0.00000000e+00 0.00000000e+00
 5.00000000e+00 5.00000000e+00 5.00000000e+00 5.00000000e+00
 5.00000000e+00 5.00000000e+00 7.00000000e+00 2.26000000e+02
 2.41000000e+02 2.48000000e+02 2.46000000e+02 2.44000000e+02
 2.44000000e+02 2.44000000e+02 2.44000000e+02 2.48000000e+02
 2.55000000e+02 2.55000000e+02 2.55000000e+02 2.05000000e+02
 1.40000000e+01 0.00000000e+00 0.00000000e+00 0.00000000e+00
 0.00000000e+00 0.00000000e+00 5.00000000e+00 5.00000000e+00
 5.00000000e+00 0.00000000e+00 5.00000000e+00 5.00000000e+00
 5.00000000e+00 5.00000000e+00 0.00000000e+00 0.00000000e+00
 9.00000000e+01 1.78000000e+02 2.23000000e+02 2.48000000e+02
 2.48000000e+02 2.48000000e+02 2.48000000e+02 2.48000000e+02
 2.48000000e+02 1.90000000e+02 1.19000000e+02 1.80000000e+01
 0.00000000e+00 0.00000000e+00 0.00000000e+00 0.00000000e+00
 1.29163800e+00 4.63663499e+00 0.00000000e+00 5.00000000e+00
 0.00000000e+00 5.00000000e+00 0.00000000e+00 0.00000000e+00
 0.00000000e+00 0.00000000e+00 0.00000000e+00 0.00000000e+00
 0.00000000e+00 0.00000000e+00 2.90000000e+01 4.20000000e+01
 1.43000000e+02 7.90000000e+01 1.21000000e+02 9.30000000e+01
 3.20000000e+01 2.00000000e+00 5.00000000e+00 0.00000000e+00
 0.00000000e+00 0.00000000e+00 0.00000000e+00 1.99476903e+00
 9.22539644e-01 1.74771317e+00 0.00000000e+00 0.00000000e+00
 0.00000000e+00 0.00000000e+00 0.00000000e+00 0.00000000e+00
 0.00000000e+00 0.00000000e+00 0.00000000e+00 0.00000000e+00
 0.00000000e+00 0.00000000e+00 0.00000000e+00 0.00000000e+00
 0.00000000e+00 0.00000000e+00 0.00000000e+00 0.00000000e+00
 0.00000000e+00 5.00000000e+00 5.00000000e+00 5.00000000e+00
 0.00000000e+00 0.00000000e+00 0.00000000e+00 2.29091412e+00
 1.35179659e+00 4.07970332e+00 0.00000000e+00 5.00000000e+00
 0.00000000e+00 0.00000000e+00 0.00000000e+00 0.00000000e+00
 0.00000000e+00 0.00000000e+00 0.00000000e+00 0.00000000e+00
 0.00000000e+00 0.00000000e+00 0.00000000e+00 0.00000000e+00
 0.00000000e+00 0.00000000e+00 0.00000000e+00 0.00000000e+00
 0.00000000e+00 5.00000000e+00 5.00000000e+00 5.00000000e+00
 0.00000000e+00 5.00000000e+00 0.00000000e+00 2.41094530e+00
 1.02474650e+00 3.67021992e+00 4.08178524e+00 5.00000000e+00
 5.00000000e+00 5.00000000e+00 5.00000000e+00 0.00000000e+00
 0.00000000e+00 0.00000000e+00 0.00000000e+00 0.00000000e+00
 0.00000000e+00 0.00000000e+00 0.00000000e+00 0.00000000e+00
 0.00000000e+00 0.00000000e+00 0.00000000e+00 0.00000000e+00
 0.00000000e+00 0.00000000e+00 0.00000000e+00 0.00000000e+00
 4.50000000e+00 5.00000000e+00 4.72629700e+00 1.26088439e+00
 5.24695148e-01 8.19173064e-01 4.77590840e+00 4.30536314e+00
 0.00000000e+00 0.00000000e+00 0.00000000e+00 0.00000000e+00
 0.00000000e+00 0.00000000e+00 5.00000000e+00 0.00000000e+00
 0.00000000e+00 5.00000000e+00 5.00000000e+00 5.00000000e+00
 0.00000000e+00 0.00000000e+00 0.00000000e+00 0.00000000e+00
 5.00000000e+00 5.00000000e+00 0.00000000e+00 0.00000000e+00
 3.15684822e+00 4.66686928e+00 4.95783182e+00 4.81737150e+00]
37.7785120010376 seconds
img 19
Proc 4
Proc 0
Proc 5
Proc 1
Proc 7
Proc 2
Proc 8
Proc 6
Proc 3
No attacks
81.77116441726685 seconds
img 20
Proc 2
Proc 4
Proc 8
Proc 5
Proc 1
Proc 6
Proc 3
Proc 0
Proc 7
No attacks
78.5731725692749 seconds
img 21
Proc 6
Proc 1
Proc 7
Proc 2
Proc 0
Proc 5
Proc 4
Proc 8
Proc 3
No attacks
81.01279401779175 seconds
img 22
Proc 1
Proc 8
Proc 3
Proc 5
Proc 6
Proc 2
Proc 4
Proc 7
Proc 0
No attacks
78.32026743888855 seconds
img 23
Proc 6
Proc 4
Proc 5
Proc 1
Proc 3
Proc 7
Proc 2
Proc 0
Proc 8
No attacks
80.65599489212036 seconds
img 24
Proc 5
Proc 7
Proc 1
Proc 2
Proc 3
Proc 8
Proc 6
Proc 4
Proc 0
No attacks
79.10865592956543 seconds
