netname  mnist_0.1.onnx  epsilon  0.1  domain  deeppoly  dataset  mnist args complete  True  complete  True  timeout_lp  1
This network has 9508 neurons.
concrete  [-20.664886964188486, -6.57562275584854, -13.469378634152873, -4.544143785565397, -10.014486836830399, -18.800030160734895, -29.691027088004198, 14.019175703994241, -14.61570911605293, -7.879343599273199]
nlb  [-25.66946807164512, -10.228000743293164, -17.486395421653423, -8.85515363677791, -14.873429931834265, -24.710390315425236, -34.06307277176155, 10.290290012090765, -18.305086528500773, -10.746876652888707]  nub  [-15.233982455780774, -3.7191277197574695, -10.258367646288885, -0.16888462225125753, -6.646612257089326, -11.62019986810112, -24.568094375845636, 16.017319358668782, -10.388140243472682, -4.677288338283603] adv labels  []
img 0 UNSAT 7
0.6426773071289062 seconds
concrete  [-9.780439047198552, -6.1717588228397355, 25.775103948166254, -21.13405621730707, -30.283475473989142, -26.686268277995847, -4.383079972188972, -36.240281317034224, -17.954823071295706, -38.4683837342018]
nlb  [-14.78606593946042, -10.437587594047658, 20.808102887631556, -26.186723864181285, -35.531344415668045, -31.53075012243405, -8.951828494035949, -41.17136788956201, -21.234267667201653, -43.187323202892486]  nub  [-4.643955786336325, -1.6562135543237022, 29.73096355580123, -16.477314475072323, -25.477765483165598, -22.5277238372788, -0.46112504360608, -31.24117116327895, -13.86201566894865, -33.6242696032739] adv labels  []
img 1 UNSAT 2
0.7247624397277832 seconds
concrete  [-18.540095810615732, 11.1611274109612, -10.950568643817846, -21.26812051635242, -5.763819467091256, -19.78553367237143, -16.04741967951411, -3.5438186421889997, -11.916072071593488, -18.486084634845817]
nlb  [-23.092640332537385, 7.232565969672259, -14.598928368234084, -26.018189640412725, -9.084737261579969, -23.25771645353543, -19.4881157006019, -7.280402942069531, -14.714531549066521, -22.750042595423004]  nub  [-14.82238934666686, 12.8936125173195, -7.0921232840253845, -16.168974328716637, -2.988370160025571, -14.637410179750272, -12.557724431694885, -0.775469410819805, -7.867333130045887, -14.835878829040569] adv labels  []
img 2 UNSAT 1
0.6622743606567383 seconds
concrete  [23.019907389093735, -36.92656904547484, -11.52632536786655, -20.97505374525435, -27.213806879339415, -10.63213673840704, -0.7257074133471163, -14.097325954221525, -10.842644357605366, -10.050620576512138]
nlb  [18.3259008852338, -42.3040950290331, -16.992197262119795, -26.183615262115435, -32.80198048049726, -15.461723838581568, -5.641754159218879, -20.27846880727646, -15.180858718298628, -15.675719141194618]  nub  [26.915858017825375, -31.475798198760863, -6.692574097545043, -16.10230417651835, -21.023293479149597, -6.547099515401886, 4.010043640538543, -9.979569848907667, -6.740813285420961, -5.681809440682345] adv labels  []
img 3 UNSAT 0
0.6585240364074707 seconds
concrete  [-17.51782115121795, -19.945087244335475, -12.752932826079235, -19.74964014027959, 12.23010713969738, -20.742923194306563, -18.885039321420596, -8.229147110122359, -19.22011592611842, -0.3436842216157166]
nlb  [-23.969340643726014, -24.797972212822415, -18.379473276378693, -25.471011352110754, 8.007157397978252, -26.12765275834055, -25.800895949922396, -14.141830586790332, -23.784520034675953, -5.869032148562077]  nub  [-11.510948711887046, -14.299453508831096, -7.894619021179575, -14.36189874280691, 16.13870945196396, -16.274868721117574, -12.635121505920543, -2.32815965163499, -14.441384992472136, 3.197790167608332] adv labels  []
img 4 UNSAT 4
0.6605627536773682 seconds
concrete  [-20.33875468902825, 9.7692375038367, -15.67166585073702, -23.183450164419227, -9.072534598473467, -25.05494005974039, -17.867262340830802, -3.2765007391802405, -12.335986742031734, -19.105463960090663]
nlb  [-24.81082870569568, 6.2135895110337, -19.685213096275778, -26.688450577354818, -11.825571340659591, -27.655570973782527, -21.421211959855754, -6.942205581036733, -15.445849424953098, -22.648784952736367]  nub  [-16.195462315116462, 12.15577213102254, -11.031618946387376, -18.327701137512534, -6.582488234696708, -21.670579297293553, -14.413542781944358, -0.5473687536703228, -9.040718954665083, -15.180220740379452] adv labels  []
img 5 UNSAT 1
0.6648800373077393 seconds
concrete  [-41.70749250237303, -17.260121400028726, -21.09024981842356, -20.19827334492302, 9.246077087290212, -12.589534522952471, -28.369159655582912, -8.151170691381528, 2.4675392099123554, 3.2693371416032666]
nlb  [-50.92712289678713, -26.325490002870144, -30.502090498295477, -27.179627443506217, 3.974042197558914, -20.386944322443526, -37.91195448610951, -14.598130734368574, -6.6359746534628865, -2.559569101484031]  nub  [-33.87352987184003, -9.033835480723953, -13.92641908903287, -12.802976020631167, 13.885686933359692, -5.903228562677291, -20.735299550752973, -2.1316025908691105, 9.168718393647149, 8.409909980668992] adv labels  [8, 9]
Using license file /home/gagandeep/gurobi.lic
Academic license - for non-commercial use only
img 6 UNSAT 4
63.66786074638367 seconds
concrete  [-20.23315012380263, -24.340818653835175, -9.101907884072533, -3.9180254900374396, -5.983648044326507, -9.742051250057807, -20.286471168180388, -20.79899544926611, -7.5258994220509665, 8.365993831908836]
nlb  [-28.095507288157634, -30.94471587889811, -16.078060968608103, -11.754323904382302, -10.676726290799966, -16.63366790247531, -27.223431918009915, -25.817048275705417, -14.292998229430768, 3.4285502251533977]  nub  [-13.628226463834924, -18.438321974728925, -2.026755565907599, 1.7796906378936095, -1.4411099947864643, -4.923756635862816, -15.262459185129577, -14.912807267850036, -2.387426874852283, 12.552987795873111] adv labels  []
img 7 UNSAT 9
0.7045292854309082 seconds
concrete  [-13.932753306476734, -34.39606504126462, -19.48538839638723, -29.912799620122758, -18.438940574120732, 11.536586537841693, 4.643044255288593, -31.84859127221652, -1.8975017912595877, -10.84547135432753]
nlb  [-24.436355049679065, -41.14525422376124, -28.517900476626544, -38.23999326966925, -27.193957495140694, 3.6357453417691175, -4.239575423748154, -40.184826146270254, -10.874310539788762, -17.61822030394172]  nub  [-6.736426134781448, -26.41261403144571, -13.954657015827191, -21.10673595037986, -9.55481977968126, 17.5608110721367, 11.271391679461303, -22.01109911007959, 3.509735345190248, -4.910074718777294] adv labels  [6]
img 8 UNSAT 5
20.698657274246216 seconds
concrete  [-49.65671373748914, -33.22865958416533, -30.104129945748888, -18.7177231015883, -1.2938658921900803, -27.19073981386637, -50.184673809537166, -2.0293958050133427, -9.884531034155675, 20.150501916945025]
nlb  [-59.064904351426186, -39.95437120616465, -36.6143236611419, -24.670539257013967, -6.832803334103889, -34.24414959239939, -57.86473299400694, -7.025700261556462, -16.533805655876698, 14.672894377204253]  nub  [-40.05509429038773, -25.280753817014002, -23.856528437388747, -12.672830444252149, 3.1481185797781897, -20.687546940742173, -41.604558465848534, 3.23476773192534, -3.8670819556137834, 24.470593146895464] adv labels  []
img 9 UNSAT 9
0.6466159820556641 seconds
concrete  [27.96988796766815, -44.632484472095726, -7.494227158516185, -25.252035920081582, -26.68154913346717, -14.43722844488981, -8.989460095383182, -12.260578041196203, -14.322358494649395, -3.7307650685086506]
nlb  [23.617307027826005, -50.702585506242805, -11.98116636399247, -30.372202407612253, -33.363187887662065, -18.795128823021443, -14.261465069628679, -19.851145883564758, -18.548049360445653, -8.07866647907798]  nub  [30.894467395246007, -37.84787115365372, -1.6338971483971225, -18.666499530594358, -21.33218467453252, -9.391616121604082, -4.3079317421172405, -6.945058311178538, -10.335969190000938, 0.013587444933873146] adv labels  []
img 10 UNSAT 0
0.6871809959411621 seconds
concrete  [-1.1210888156150498, -31.850166406667483, -15.787290188237499, -31.793164083459498, -9.779468175423723, -5.638777624176659, 24.379977703946718, -39.33749116884204, -0.8580498865361401, -22.78467243998954]
nlb  [-11.605120371918293, -42.337013115223456, -27.174045194787134, -41.42065352520745, -21.40106690156345, -14.92388205728023, 14.402054467935061, -48.3921415704277, -9.726127048813018, -32.36042092659599]  nub  [5.28291219633385, -21.96863470961611, -6.804035064304153, -20.92932497255356, -0.5757493421610435, 0.8476341239887891, 30.54245489003531, -28.7291795370283, 7.852286243856345, -14.176464186374394] adv labels  []
img 11 UNSAT 6
0.6638665199279785 seconds
concrete  [-39.99562115802505, -28.368112117566344, -27.840418438259164, -17.571001155974475, -2.328328474741773, -23.148727655401515, -39.487898866553714, -11.424153045811341, -13.2595962001996, 14.435613091167546]
nlb  [-51.52863003222083, -38.274207697868405, -36.338026599858836, -29.264298023271127, -12.448265358962384, -33.577910506715924, -51.737729274963336, -23.100379383636245, -22.11738712364945, 5.5142245252035025]  nub  [-28.525086766331775, -20.846389560346022, -18.39535514568895, -7.70999256962044, 7.210842494667273, -14.084423284978035, -28.577984882627874, -1.6697882242131266, -6.253489730080807, 20.792731584947717] adv labels  []
img 12 UNSAT 9
0.6870114803314209 seconds
concrete  [25.680781065909812, -40.12977832461681, -11.527775592990249, -19.166566443538127, -24.022546085940956, -9.364222308021914, -4.433711709979393, -13.686559658803684, -10.448157593530139, -5.2751855443230005]
nlb  [20.64390478592116, -46.56507107786541, -15.858430577910207, -24.214394809638605, -30.263010245645265, -13.459391092775403, -9.13040588702187, -18.796315908013003, -15.092929099438521, -10.734413178378514]  nub  [29.142727199900314, -34.482727409210305, -6.951638649819158, -13.833883823890497, -18.065905022897642, -5.004661495131459, -1.1450167954101544, -8.71991164442696, -5.9573008612724365, -1.604326901074694] adv labels  []
img 13 UNSAT 0
0.6408567428588867 seconds
concrete  [-21.501924363670355, 13.664399677598857, -11.179469064271357, -19.484189835402816, -7.0745331915598255, -11.628390798593998, -12.710832616580428, -14.62774130061297, -6.064733177144827, -17.79605096028352]
nlb  [-25.49813551287523, 10.475843424704216, -14.674444056538347, -23.31906104798832, -10.983139123941978, -15.665530505530196, -16.54647999117063, -17.46821615747465, -9.688931568614489, -20.954936279456163]  nub  [-18.045002961570464, 15.76052384588371, -8.669460987770657, -15.072536207163582, -2.9366686698941877, -8.058767380871894, -9.716908208266906, -11.827349547483571, -3.0871881265988064, -14.180516552632275] adv labels  []
img 14 UNSAT 1
0.7144627571105957 seconds
concrete  [-16.23217608124855, -14.059930354882807, -11.389867791529337, 0.6680079327295981, -17.391162396235206, 13.5918645439696, -19.552946248469034, -20.22124876541419, -7.8021495110269035, -17.36747383078623]
nlb  [-23.041579396078323, -21.43792555229424, -16.471231416176533, -7.1615654055975835, -24.240128543635315, 9.161039598310674, -25.194329522654865, -26.649374668265466, -13.95188813720527, -23.365441013438232]  nub  [-10.556733575355777, -8.548724206222994, -5.684085682167094, 6.779655202204989, -11.38638159085218, 18.062693411622373, -13.093584212875625, -15.05387613887439, -3.626894726243381, -10.926129680064575] adv labels  []
img 15 UNSAT 5
0.756293535232544 seconds
concrete  [-24.451659441365837, -31.503681824575597, -24.909451870632303, -11.244624102519902, -5.309940252111063, -24.44770818709833, -38.85763583409652, -2.2364286639417217, -15.424625649884238, 14.163803786934247]
nlb  [-31.373763018838, -36.0602682607569, -30.479500569460146, -17.400079419127174, -10.036329481267513, -30.277329442848124, -44.53160085218063, -8.196819583264173, -20.568523791886093, 10.093624062851022]  nub  [-16.9517644051159, -26.65079099920477, -19.457159758154273, -6.143594619312191, -0.16279596493465517, -18.993863622120276, -31.349791677972757, 2.7243104158882248, -9.721263957843593, 17.379871791331098] adv labels  []
img 16 UNSAT 9
0.6677107810974121 seconds
concrete  [-19.173983203753544, -8.125607938269079, -10.106715129646917, -8.780563308819668, -16.724315061886738, -17.68727851316467, -33.69050214220733, 15.537471112173671, -26.902790018395162, -6.331505030460419]
nlb  [-26.506178939355383, -13.19413669281229, -14.48896414405968, -12.642202454240635, -21.844131814235524, -22.42743192914514, -37.94519849710724, 10.835112235993051, -31.782651150905078, -10.647035558911936]  nub  [-13.91445405570839, -4.386345138905672, -6.3532319492405325, -4.4120897721153165, -12.998636886927413, -12.802671708964027, -29.250723385597357, 18.71129891821512, -21.431120994370147, -3.1004970088214225] adv labels  []
img 17 UNSAT 7
0.6898467540740967 seconds
concrete  [-22.296513331686736, -23.086050522668245, -13.392280844967251, 7.034071844836623, -14.65580313339645, -0.1535351109751362, -18.770322228013693, -16.999918001119255, -5.579250212120266, -8.720390569768897]
nlb  [-30.265097495788904, -31.641305960097405, -21.293112270064746, -4.501769427480177, -22.761288597839002, -7.820441729680551, -25.894227917125086, -25.5136150118466, -11.451456113580546, -19.519804652843217]  nub  [-13.915630063588164, -15.515064366847932, -6.118562035443964, 14.847608396188068, -6.781448736164049, 5.5310026679798385, -11.50631742773498, -10.6500733812488, 3.588270679907243, -1.5429201370646204] adv labels  [5, 8]
img 18 UNSAT 3
48.59551644325256 seconds
concrete  [-32.47882147219119, -18.90672399961679, -15.909823792844886, -23.123943230852575, 19.912986865008403, -14.189504890272152, -33.31735179538998, -7.324000752658043, -15.408964229387056, -11.803898014377701]
nlb  [-41.0558411796753, -26.486026785733408, -22.947959782788473, -31.41915035176545, 12.77494378875074, -21.563354859343278, -41.89807061698478, -13.277083843909816, -22.360157453348947, -17.855012387419034]  nub  [-24.941816636136263, -12.657550731723415, -9.263082326414942, -14.804362763588493, 25.06227726452006, -7.803516651914422, -25.89040733432807, -3.2048618538905997, -8.557935363623683, -5.409148466094741] adv labels  []
img 19 UNSAT 4
0.6714739799499512 seconds
concrete  [-32.76321809878925, -11.39458548473365, -30.20118010294603, -10.046144025613494, -3.3592741620708253, -11.65360635847789, -36.10366654763989, -0.6051801858653326, -16.199507274349077, 9.004539057417828]
nlb  [-40.61974844985702, -16.891972127620406, -35.409679171614364, -15.47243211871457, -7.196330018908368, -17.105114788859726, -42.52514859033839, -4.430733145383862, -20.07586653232847, 5.314834555415702]  nub  [-25.225918076784296, -7.583444975355871, -25.742635262660478, -6.025263258696573, 0.36758088737216477, -6.565588216529053, -30.46871689615575, 2.861272616243716, -10.347418764439677, 12.703429493264423] adv labels  []
img 20 UNSAT 9
0.6476376056671143 seconds
concrete  [-19.934685097833466, -29.20402888127083, -17.72295159248985, -19.197770588637987, -11.794869474270113, 5.926455919272742, 19.12563444704049, -37.77994992773654, -0.8900448673398214, -20.0619100433548]
nlb  [-26.361545097385342, -38.612329830348294, -24.453343646801002, -26.4982153282486, -18.444685752198446, 1.7640672663595347, 13.719681420506097, -44.2667609132309, -8.181921559413576, -27.26933193219754]  nub  [-13.12780979454093, -21.27806593203805, -11.923382564075741, -13.032553692318729, -6.5408697343831586, 9.779957975119462, 23.183304017191777, -31.074953944025136, 4.314636305434289, -14.386767983371422] adv labels  []
img 21 UNSAT 6
0.7272405624389648 seconds
concrete  [-10.687557484172942, -19.922455752156402, -25.718232536615226, -28.241420835245457, 0.4631341822023572, -16.020946537309193, 23.781309733928754, -25.634024480592462, -8.67513644380468, -21.160993715872397]
nlb  [-20.29073621142018, -30.87604117232818, -35.17085145383297, -38.91031017352455, -10.4800027415606, -25.672899940900667, 11.624848983439856, -35.0724338931824, -18.211172694745304, -29.31174888724417]  nub  [-2.8088770435770125, -12.009945014857104, -13.491451673043493, -20.08399446620449, 9.1123465858143, -7.226919532952237, 29.19342459878548, -15.73934375501691, 0.04665584889832439, -11.887387370046378] adv labels  []
img 22 UNSAT 6
0.7141575813293457 seconds
concrete  [-24.406717786289708, -25.686418077244, -21.018106214934257, -10.91398857630772, -25.10763525079764, 20.48646777106849, -14.944433908879217, -41.13435861818886, -11.970744140150776, -8.575867600473012]
nlb  [-29.93130571683683, -32.03850701682203, -25.968337260683573, -16.192133123405426, -30.00818035783836, 15.262939440277888, -20.79566349630354, -47.76033980970699, -15.63489404531889, -13.104164528135277]  nub  [-18.831683171675646, -21.06071421450718, -15.805826731495488, -6.651664553478873, -19.852477917401316, 24.50970827472904, -10.172289297623015, -34.584969540754216, -7.810076845615715, -5.795677019670475] adv labels  []
img 23 UNSAT 5
0.6257936954498291 seconds
concrete  [-21.81635512798006, -17.40587654216112, -13.733860139628478, -20.05824932750534, 13.440861257982778, -12.581782420721774, -20.740440554549867, -6.23902424888739, -15.437235158061542, -1.4329487422288272]
nlb  [-30.764868050188213, -26.69386789335222, -18.8432007887304, -27.35543827743719, 4.516289368214316, -19.371349233246704, -29.229337231571648, -14.032883007736233, -22.632243828299533, -9.597481791956195]  nub  [-13.104426467128258, -10.052530506021155, -6.1604790004994125, -10.847982446776784, 18.030094832107366, -5.293079273077521, -13.226124793905818, 0.39304586523249874, -7.5172781165213935, 5.621576929096291] adv labels  []
img 24 UNSAT 4
0.6605677604675293 seconds
concrete  [20.97595084619975, -42.604832029637514, -10.006683702222116, -30.57521300243653, -22.70520390355643, -20.6135149337891, -4.010237750300106, -14.429341318232892, -9.23900246466535, -1.1023518050581271]
nlb  [15.169675859898145, -49.929818202544645, -15.913884510024173, -35.82776771638417, -30.568151714432894, -25.728149101675687, -9.84506833355718, -21.041735448203372, -14.283164654510708, -8.88801886604356]  nub  [25.654326746531066, -36.0719975127567, -3.3868582800797262, -25.297883414977537, -15.223792024367253, -14.948655024842715, 0.598894754788828, -8.437793466389987, -5.009113810618564, 3.8524450575736693] adv labels  []
img 25 UNSAT 0
0.7494802474975586 seconds
concrete  [-19.633487911492924, -9.405811092640208, -10.505042052039164, -12.657114686488848, -13.380831756432238, -18.498055688917344, -34.643504205318756, 13.527832227782827, -16.617728863849933, 1.3111772625170834]
nlb  [-23.833282625566888, -13.80783160484496, -14.866328716704661, -16.621896080055595, -18.670355500164252, -22.094267869315804, -38.58497706858413, 8.991151891479248, -20.915622722208276, -2.657632172567231]  nub  [-15.182323118146451, -5.567247593215602, -6.276983514356675, -7.898761516428989, -8.794064657011498, -13.418470965313944, -29.91279641386044, 16.15999781376533, -11.692752705076613, 3.915465989925318] adv labels  []
img 26 UNSAT 7
0.646390438079834 seconds
concrete  [-35.12938293379642, -20.41391639559328, -14.428356168444855, -21.483921737205854, 20.948690565124547, -22.254037073557, -37.4413350045524, -9.09062847481102, -15.578643877368908, -2.8240135449845196]
nlb  [-42.01363853987805, -25.47910704145927, -19.661761780378264, -27.01631973960834, 16.934991946641894, -25.935500337438423, -42.72068759824221, -13.112478005495674, -19.97371221795316, -7.1955343035414385]  nub  [-28.726537297755225, -15.893474540277237, -9.01332695872506, -16.75473861177128, 24.603307416884174, -17.979484944218658, -31.4500554325971, -5.375371967769674, -11.214204395319907, 0.8067281399881542] adv labels  []
img 27 UNSAT 4
0.6892251968383789 seconds
concrete  [20.400109736422404, -31.30098843109801, -6.341347296541997, -8.610809128720467, -27.172866081743294, -7.961636623427562, -7.002154300475957, -14.39072644398267, -10.383285339756755, -10.51903465644978]
nlb  [15.057563029696647, -39.41412763423295, -13.318991860699034, -17.07527459504224, -34.65208083631233, -14.138072752418509, -12.813378698599136, -20.12272541935226, -16.963174172314055, -18.16128675370339]  nub  [26.661401093439462, -22.790458092375616, 1.2215384074015943, -3.0298747107066286, -19.657381740906697, -2.884954142937803, -2.601655237831058, -9.350899385801563, -4.592285846100557, -4.335801738416647] adv labels  []
img 28 UNSAT 0
0.6587483882904053 seconds
concrete  [-24.506527384925512, 12.060342925533874, -11.63580565858589, -13.9136551771839, -7.990043953061341, -11.638985776257968, -24.529255358017103, -8.614737678162706, -9.297060851662382, -12.710708170097302]
nlb  [-27.466468654825754, 9.315125963889798, -14.449897467313283, -17.906107183695195, -11.269087378415794, -13.759223842380838, -26.765590967999128, -11.780720242889776, -11.809725744585224, -15.720850435255652]  nub  [-21.625100473899558, 14.05439261155971, -8.052079397794506, -10.280792951441532, -4.4813138789443805, -9.464363646563056, -21.977130163450976, -6.22216850499447, -7.129328367014931, -8.661937669930861] adv labels  []
img 29 UNSAT 1
0.7105059623718262 seconds
concrete  [-28.149997209201842, -24.99281500892559, -17.439270887984957, 20.28411169803615, -23.86041636916067, -10.506307891988095, -36.88950042865888, -14.78807248993608, -18.189279037092778, -4.171679798122906]
nlb  [-33.2994423201957, -29.399070296351315, -21.917987824019903, 16.435243260959954, -29.35901184065704, -16.174824986876015, -41.945644760388696, -20.310316645901054, -22.107824330015845, -9.585225284307624]  nub  [-24.598992206858945, -19.916774025615474, -12.732261645966856, 23.644174088055475, -19.217066505110086, -5.2203876873657995, -32.48962881869277, -10.104180324424174, -14.227743703700025, -0.4992715708900276] adv labels  []
img 30 UNSAT 3
0.676145076751709 seconds
concrete  [-16.171827514568104, 8.348018498180735, -9.286694153049181, -15.188249272881102, -6.834249174887695, -10.016566803566745, -20.427344247642065, -8.14797442850851, -6.335011376247636, -7.671998078137936]
nlb  [-19.954119868533905, 3.9506249964309186, -12.752514361366192, -18.92418674237771, -9.961301517320877, -11.988663032467642, -24.472368543377822, -11.618789311760745, -10.246420020182118, -10.352182600682058]  nub  [-12.839316136660404, 11.19425242690025, -5.575472824465043, -11.960971307807489, -3.3420498152055194, -7.725773836651034, -16.413947105440098, -4.850287194914039, -3.4336690795628892, -4.66598746887943] adv labels  []
img 31 UNSAT 1
0.6726522445678711 seconds
concrete  [-32.81390928893843, -19.37039066749519, -15.06390884483528, 19.77115234014151, -15.238406119992314, -5.250547031338937, -27.792475174326317, -15.680094363548282, -8.19773414487894, -9.21144864293378]
nlb  [-38.31135633135454, -24.86425071432735, -19.66585424253536, 15.710454923099354, -21.439289325912817, -10.768243470463826, -34.14876601118075, -22.698074075210542, -12.924538779434682, -15.992485387718263]  nub  [-26.936203641729886, -14.047457915963038, -9.462193731558736, 23.171728460237194, -9.421827817669012, -0.4947060427994462, -22.112657205244226, -10.052478812617998, -3.5072918974444183, -3.7384996164734527] adv labels  []
img 32 UNSAT 3
0.7033967971801758 seconds
concrete  [1.3669306704970146, -26.830907412538753, -8.104756727351875, -31.486596368588756, 12.138469939001928, -16.64541436038242, -3.9039150361551, -18.849595645218148, -23.871518110350646, -14.535983671932499]
nlb  [-4.319405880326279, -33.68446552663224, -13.232965513578753, -37.52652534540248, 6.981580766373797, -23.80601149957752, -10.856319916955208, -24.34368749733533, -29.41762010437925, -24.426403836548953]  nub  [6.457855657009965, -21.453134146972157, -2.6092889373359753, -24.684842124957637, 17.202846218847952, -10.387320032235863, 1.3506874306308607, -11.441177285249555, -18.594366563522907, -8.758145578853275] adv labels  []
img 33 UNSAT 4
0.6771411895751953 seconds
concrete  [-34.8455690734732, -13.511007355054051, -8.46802228852848, -5.048148181004653, -16.567175848465276, -38.95671012838922, -51.29722297079722, 14.68186685065558, -15.864042704188217, -12.13977723055364]
nlb  [-38.88995612319462, -16.425380787876705, -12.267339281073983, -8.525488224350116, -20.581651882771546, -42.14968551356814, -54.513066596439096, 12.990208371011748, -18.702939987065548, -15.141902841553529]  nub  [-30.494422327318606, -10.72695056402084, -5.323669450427294, -1.5826902487879764, -12.875711641652464, -34.47836016834937, -47.27466621498449, 15.962572031042031, -13.066538978685523, -9.407524399678813] adv labels  []
img 34 UNSAT 7
0.6887416839599609 seconds
concrete  [-16.51042403837854, -0.47328753489637665, 19.887097650412894, -6.700120882988795, -27.735938822892457, -29.067514587361575, -37.18677760649344, -2.4028930221293265, -6.7959087007186065, -16.579033488313122]
nlb  [-24.986884516343206, -7.419942801462009, 13.639186165686331, -12.60018865566544, -33.53337285561135, -36.12353658980335, -44.537222576199625, -9.682776971004056, -13.242431685631994, -21.117292571640032]  nub  [-10.39328146002431, 4.140559151337634, 24.962491620139485, -0.8411674314200942, -21.921463639575013, -23.410093133127077, -30.87248931493532, 2.6008671418532012, -0.49413375772814927, -11.181996642574543] adv labels  []
img 35 UNSAT 2
0.6846153736114502 seconds
concrete  [-24.297019680356268, -11.369482380641925, 0.6870947541357079, -7.166341655573237, -19.705227839374498, -33.889747127159, -29.655851923013394, 14.494640253627805, -9.997135324488276, -12.809151629542585]
nlb  [-30.771051172192266, -14.848116147304205, -4.166793837357629, -12.707083157432278, -24.120992780469624, -39.31398989201551, -36.23171642488834, 10.640201163710152, -16.041970921080633, -16.316453891636815]  nub  [-17.156752578107895, -7.394161818214672, 5.994899195957551, -2.480012960446959, -14.42854140457514, -28.319730394816748, -24.787363050372523, 18.534509602793197, -5.929604929313842, -8.568471708644754] adv labels  []
img 36 UNSAT 7
0.7615458965301514 seconds
concrete  [-23.739459796406923, 13.636111725505579, -13.341515141008811, -19.261978332060472, -5.904059776481651, -12.681278184577963, -23.34893695352026, -6.227894562091883, -10.372658149873358, -11.668789472531154]
nlb  [-25.98626222267993, 11.635019339373356, -15.638086416423201, -20.973773326174516, -9.409812707433563, -15.099689717379476, -26.34256295276618, -9.088897772074281, -12.489494489226564, -14.704866589156007]  nub  [-21.436270626991444, 15.409382745327807, -10.638110571648761, -16.91793915976425, -2.8469906425574685, -10.32421677717157, -20.316342084143194, -3.8675780433495612, -8.696694358734664, -8.235892543842478] adv labels  []
img 37 UNSAT 1
0.6362082958221436 seconds
concrete  [-12.009627883763953, -1.2918062931081447, 15.054024376700676, -10.188941684350741, -18.26840651943689, -25.672882843186287, -9.535467306554237, -14.74240640338342, -10.107895400467411, -20.394112482512593]
nlb  [-19.010448900731323, -7.377929534535196, 7.541013635147819, -16.740393793966284, -26.48406833568291, -30.871345585529454, -15.388940929315318, -21.59098607880795, -15.928134828583094, -27.866306086928383]  nub  [-6.629709574083281, 4.409959913440287, 21.062727101393385, -3.084377016256386, -11.731427508641202, -19.67083096330211, -3.717549663267282, -8.683255393440934, -4.327762290239271, -13.795171665119371] adv labels  []
img 38 UNSAT 2
0.6548027992248535 seconds
concrete  [-22.662357597948965, 8.503358721946196, -12.352869447683826, -16.521582878136083, -8.650300559651312, -20.37186418556664, -9.566237723630916, -14.911691381279956, -4.284930750743075, -16.17015748268416]
nlb  [-25.433863313586254, 6.008936697589188, -14.86635496125721, -21.265201934389427, -11.52825951310491, -23.58539236974837, -13.834474519470707, -17.690092421079395, -7.757958324463585, -18.7028606685154]  nub  [-19.341888803869466, 10.828659520676421, -9.344159148753329, -12.313972110071033, -5.83050599769992, -17.420629902574913, -6.013082586404921, -11.745676395704871, -1.5138378417180434, -13.104864035318535] adv labels  []
img 39 UNSAT 1
0.7167057991027832 seconds
concrete  [-13.81927154674223, 6.503541752754286, -7.0548930508774585, -12.7448795860297, -5.968450669309688, -6.888452589930566, -12.624662295621155, -6.425912894457593, -6.514611900762202, -12.254731973965434]
nlb  [-17.691551500413176, 3.7038042948713694, -9.80490289935007, -16.38237962631279, -9.097055969944526, -9.752472412993708, -15.54158250399596, -9.092913122864806, -8.975291807675111, -15.133102092014378]  nub  [-10.897597426470872, 9.07967358853619, -3.9179590356732032, -9.404844124719341, -3.4203702912858533, -4.216957172520164, -10.218889334333404, -3.7739780317413723, -4.462241321270257, -9.63296306437236] adv labels  []
img 40 UNSAT 1
0.6433889865875244 seconds
concrete  [-31.25195319951732, -3.812672706073721, -7.421119081230875, -5.214727064791573, -11.134005017649303, -26.745732880028456, -27.94623415005954, 13.845976970027426, -17.30672496131571, -10.358289313811772]
nlb  [-37.63312138329202, -6.86722401926965, -11.589286462308104, -10.859220313942672, -17.213080209530464, -32.53914374128017, -34.222268072617766, 7.506811494114549, -22.99830180552581, -15.263123105204615]  nub  [-25.21613271819483, -0.01166155459171095, -2.9159029314370293, 0.2550278343781304, -6.31853471945056, -21.171392479694354, -21.90656562465023, 18.85791216581939, -12.841008961864341, -6.102823735115274] adv labels  []
img 41 UNSAT 7
0.6244561672210693 seconds
concrete  [-34.0801151624432, -15.077740746533593, -37.91928048068382, -27.837192939135033, 18.13724582566688, -19.85730263299935, -24.863389391905677, -2.1007736108438735, -16.35089698405414, -3.277412166723559]
nlb  [-43.616743489086176, -23.710456139654838, -45.788884266731436, -35.951895592153825, 9.551094775537866, -28.415642392798336, -35.51431848643885, -10.55622662834862, -24.872404100192725, -12.168639872615504]  nub  [-25.813043197234986, -8.045459545193754, -29.90525503141428, -18.48217671942225, 24.143526524423923, -13.338015125683429, -16.48156429385309, 3.8268547839138694, -7.581836332097651, 3.4238265970533632] adv labels  []
img 42 UNSAT 4
0.6915700435638428 seconds
concrete  [-21.16353148448955, -2.5083459135358757, 7.953883650314447, -9.236884609132645, -3.5061059941487986, -9.660407427456933, -10.268524256392839, -12.483147233101583, -12.085814352018378, -28.783985018885737]
nlb  [-25.78859901198174, -7.595042825659437, 4.625811061673291, -15.169065657970656, -6.7253179318512455, -14.912997522888201, -15.537610133740003, -15.528449736410117, -16.923946607137974, -34.00697287760662]  nub  [-16.82749682187035, 2.634338148448343, 11.72508484332615, -3.4928751487350698, 0.14076382590918723, -5.849796267481791, -6.29245977806881, -8.69167627316897, -8.496769771111538, -24.076832234950626] adv labels  []
img 43 UNSAT 2
0.7382655143737793 seconds
concrete  [-25.80200431093266, -13.46384174620449, -7.531337314146011, 9.934712632968436, -27.185048301411168, -6.447267453633375, -18.305760313411238, -20.856556264384206, -10.927811197226141, -11.792432742354396]
nlb  [-31.56843962214453, -19.218070720797503, -11.567258885024087, 4.197328692671748, -31.24099927448528, -11.3228855037096, -24.381338478586933, -24.50803853020401, -15.860519903892426, -15.644748787181872]  nub  [-20.615342529002003, -8.558151539602168, -3.1138225413426963, 14.863871742930657, -23.070619065888533, -2.407552678350867, -14.330642359089945, -16.04185772168232, -6.054600232351813, -6.831034939715575] adv labels  []
img 44 UNSAT 3
0.6268508434295654 seconds
concrete  [-20.625676128694924, -26.711831395404598, -16.711817190552804, -3.6168627161204485, -24.075792777019043, 19.049289305020444, -10.379916676889618, -23.99955118705339, -6.257376812291493, -13.087329008767139]
nlb  [-28.779188928729166, -35.409141945441526, -24.62424325469866, -14.785944684384281, -34.451404750346036, 8.636575815016666, -19.36483840720227, -32.683338784620425, -14.449872867311708, -21.330838847144022]  nub  [-11.844332870203077, -16.866422119170444, -7.730314741507024, 6.123394337212053, -14.223410129946014, 23.556225121738184, -3.1882453832836366, -15.83599880758209, 1.8577279752362381, -4.820715580979939] adv labels  []
img 45 UNSAT 5
0.6634833812713623 seconds
concrete  [-22.750329323474997, 9.193022790302066, -11.719910754006756, -10.465623331075252, -7.731725339080044, -14.129171784507868, -24.30240522322557, -12.968700767474818, -5.3242152385705825, -8.429388864921368]
nlb  [-26.25224759429325, 5.987708280451279, -15.441477888814196, -14.300686665172561, -12.399783953899021, -16.35252065687429, -28.570728412907023, -17.143703286831492, -8.04596752235977, -12.727897166856064]  nub  [-19.85136331815531, 11.885105619537097, -8.256587386779483, -6.9321449092925285, -2.900218687346267, -11.315186627363708, -19.75348338665644, -9.519904514218048, -3.2316826994723087, -4.7791371178785615] adv labels  []
img 46 UNSAT 1
0.7377419471740723 seconds
concrete  [-16.38723178635295, -11.513342564742059, 17.887599326765145, -10.842277262342737, -7.710349696315891, -16.710218358436567, -26.00103791182121, -10.023228958049456, -6.83385087383161, -8.511912585230847]
nlb  [-24.52327588063846, -19.61086838590211, 9.33276657267271, -19.64470303882217, -17.070530950999075, -24.085872455416308, -35.88332498639553, -17.96480248104705, -13.443353735141226, -19.201463102674595]  nub  [-8.882448819722526, -4.599759505481385, 23.600314816184625, -2.610528622468595, -0.7898854897453338, -9.292459240938385, -15.369251035955852, -3.417970282659157, -1.082329931058026, -2.282396380019996] adv labels  []
img 47 UNSAT 2
0.6794149875640869 seconds
concrete  [-38.18254772564636, -27.839888802421353, -28.19735145507243, -14.358583720352152, 14.930230854245545, -17.24705705242763, -35.01305799967912, -7.410106401824555, -11.761246417235798, -1.1520512865586603]
nlb  [-44.213411039792724, -32.363967715521596, -34.00141602011487, -20.702678967217544, 9.633691874326408, -22.737897617618895, -40.98040541114507, -12.327647972305773, -17.24948512400232, -6.149981378824637]  nub  [-31.400549565265692, -22.640488183083303, -21.24540088622286, -10.02477831005339, 19.39497315812767, -13.72551898248101, -28.251515229712417, -2.583984284766841, -6.4385764183217375, 2.217426696066954] adv labels  []
img 48 UNSAT 4
0.6780502796173096 seconds
concrete  [-30.197383415905716, -18.969542953133285, -22.812382714048628, -20.357925595671972, 15.715783920373584, -18.4214522376398, -23.586675279251665, -11.208576716156742, -21.291762427615968, -5.124786419521591]
nlb  [-35.562741524638845, -23.692476928497072, -27.209589928779657, -26.638524690704756, 11.774150171268367, -25.458265470962083, -29.941606730344706, -16.973967269721992, -26.77594177857681, -10.315120684358364]  nub  [-23.762757358074094, -14.873962154601786, -16.049499141687733, -15.716678751568733, 19.8999312613172, -13.12460157044439, -17.63539910481075, -5.592043457221993, -15.916725096935986, -0.7640690752716456] adv labels  []
img 49 UNSAT 4
0.7078568935394287 seconds
concrete  [-9.736321536148724, -21.993179037505065, -13.534017533845864, -18.067170303326705, -15.894202064914412, -1.4451533398694352, 17.027189496135957, -39.18395310392073, -7.491513175335133, -22.16730951142045]
nlb  [-18.08767176928768, -29.13390090189413, -19.02644853816978, -25.303445321350956, -23.83928434350092, -8.030529016409035, 9.976582319310586, -46.233333789035015, -12.814511856433558, -30.141978381067453]  nub  [-3.724296938088741, -15.507785157622752, -6.7341282863729806, -11.144767645524006, -10.287108407277433, 4.192889506551935, 22.036477620937813, -31.22006953568792, -1.985282731172013, -15.794225535297475] adv labels  []
img 50 UNSAT 6
0.725581169128418 seconds
concrete  [-27.00272741033011, -31.61169971487437, -20.58300518480657, 24.857118531192807, -17.16650735910152, -0.8565264875236275, -35.915783852778524, -16.882807993533103, -5.994645626634689, -22.208904001853924]
nlb  [-37.45701832805229, -40.47494513285912, -27.960897697007283, 16.58408855021095, -26.921059242657964, -11.054403450618425, -44.48629811807654, -24.430969274669255, -15.639960250561263, -30.647332808507535]  nub  [-18.00404554920291, -24.21286745029535, -11.140020625447226, 31.31729166868858, -5.9166791158429115, 4.396905033837347, -29.47652153640883, -7.031403347792392, 2.0453064876079505, -12.957864466436389] adv labels  []
img 51 UNSAT 3
0.6918506622314453 seconds
concrete  [-25.323078190927088, -30.25569985650335, -19.4960194786538, -7.488899986218365, -18.289342700172003, 19.110843574402097, -19.379026425659692, -34.80041330732127, -8.594898958259323, -8.85532569896003]
nlb  [-31.728397948542778, -35.84242029393354, -24.194011431327333, -13.651058544301108, -23.738291343616968, 13.93352662266881, -25.840125227972187, -41.28630470718288, -13.45152582882984, -13.876552197342994]  nub  [-18.871672694979928, -25.455630389031757, -13.858025484288206, -2.8201261247153466, -13.044457551414581, 22.10295244735985, -13.48488281269947, -28.99379527573737, -4.352754772403196, -4.049417077833474] adv labels  []
img 52 UNSAT 5
0.6627993583679199 seconds
concrete  [-17.056311851754828, -20.689118110263117, -16.564004878565264, -7.090107780545698, -11.152927225081156, 15.992144385136243, -16.21206517107639, -17.876942893854633, -7.319249069348559, -5.029077806611471]
nlb  [-25.7784445622568, -28.942768780065478, -22.428886230059405, -14.338828505999189, -17.234760087890642, 9.124510387973906, -24.646350517677696, -24.57342767465267, -13.153816868248754, -14.097633032744671]  nub  [-10.469650293703882, -13.904144562837734, -9.910999616459462, -0.2694021851080562, -3.337746719046714, 20.193486193485906, -8.10009494326155, -10.933229830447175, -2.773587126409323, 1.4471370791966334] adv labels  []
img 53 UNSAT 5
0.7188799381256104 seconds
concrete  [-16.1008583289158, -21.767402576850746, -25.199327652524374, -24.492822354532773, -17.697821661474013, -1.8920169607876427, 32.852658442747554, -37.845671773916195, -0.6039879044444834, -30.0848416100673]
nlb  [-22.586253248745283, -30.306378841329828, -32.31454154671327, -30.8409512894341, -25.912885741725223, -9.769152124833722, 23.795857181513465, -45.28921096539761, -6.642535876285361, -39.22812439973695]  nub  [-8.487504395406066, -14.324250735381396, -17.477473837760048, -16.140937146134117, -8.851976858673922, 3.2029836352003933, 37.46492210613314, -29.35497405917799, 5.052490858942889, -21.695795493417368] adv labels  []
img 54 UNSAT 6
0.7101039886474609 seconds
concrete  [22.846878442122286, -24.44890763279787, -1.7855019135417576, -14.879355707738855, -25.12097327766437, -7.940729578390143, -5.150801793293958, -21.011608607886885, -2.9764581326065795, -8.54284456456428]
nlb  [17.875228734547733, -32.02507271591288, -6.470126404750845, -21.803807533591026, -31.996975838613128, -13.265241911643761, -11.674846947427904, -27.034297327400125, -8.472027687227015, -15.893474863844608]  nub  [26.37780529890841, -16.170275550122824, 2.6416293764667462, -9.590527518249264, -18.991562718015253, -3.5518782439309753, -0.792659223144969, -15.557096531967774, 2.571749118891756, -5.04553860617277] adv labels  []
img 55 UNSAT 0
0.6469430923461914 seconds
concrete  [-35.36089693601186, -17.37056210119891, -19.39748330229684, -28.467817907764317, 21.566767150369948, -21.158451250736082, -27.35118930956441, -15.231808718959963, -12.98393102790167, -12.725655087150919]
nlb  [-43.20295371933444, -23.13619432409035, -25.775776729251678, -34.69908866041867, 16.181478903506495, -27.276325117492203, -33.834810775464575, -21.299041502672154, -20.75807106267556, -18.369170108745266]  nub  [-28.336715465173953, -12.625162284421307, -11.898470128143845, -21.955957743205133, 26.20886221099239, -15.182259529927023, -21.360812559554056, -9.375304347551753, -5.699928965278763, -6.151222491913845] adv labels  []
img 56 UNSAT 4
0.6669332981109619 seconds
concrete  [-18.261867621576506, 10.528481542443274, -8.872468715950202, -22.662613072220484, -8.407242154629374, -21.64607368453341, -18.141850634931256, -4.8112408834784155, -10.802247143560692, -16.899945486688278]
nlb  [-21.814308780438076, 7.856367299528665, -11.622830900321258, -26.43785731603402, -10.771960782731602, -24.321893362940052, -20.732292682342266, -7.219340581061649, -12.96041520952471, -20.36881204815645]  nub  [-15.403678888043945, 12.286640658717547, -6.475399959232528, -19.041909632601115, -6.331350623892796, -18.28234067371978, -15.298566946742937, -3.215186398283876, -8.13251225643593, -14.038533613473025] adv labels  []
img 57 UNSAT 1
0.7014327049255371 seconds
concrete  [-40.53802636916043, -35.97929600137781, -20.032543508411802, -12.565770997296552, -4.487347471757083, -22.81936548524044, -44.8276168542936, -7.186635894462268, -17.78804098071182, 16.724286668646165]
nlb  [-51.53139704032411, -44.43161883473534, -29.639459096421444, -21.532386691721698, -11.573684900122394, -30.728590132275333, -54.61695834251048, -17.27761827051965, -27.28636210385704, 8.761984955834553]  nub  [-30.115278474123187, -28.93117046292724, -11.83736599015145, -3.8036723278608298, 3.5919112432942346, -13.667876748748759, -34.85421012256329, 0.8557281568390432, -9.644362015045898, 22.736399845767764] adv labels  []
img 58 UNSAT 9
0.670903205871582 seconds
concrete  [-24.662773240514024, -14.66110943462101, -31.31584645057216, -11.004011957005057, -14.651400739966514, 9.163105758612605, -20.65963063056525, -9.02712070007713, -4.847286812980187, -2.710630962443686]
nlb  [-34.05093685471711, -23.762458744235165, -38.81105375315486, -22.221325262950558, -22.373378787491145, 1.1764490848027254, -27.872203862165126, -16.288303917923773, -13.26497908942412, -12.931669677615206]  nub  [-15.345329071914497, -6.717554571950658, -21.648772894746145, -2.14651816638777, -6.283942712617883, 15.321547600970725, -14.162315212465472, -0.6662820171706338, 0.23949437362217016, 2.811858947769551] adv labels  []
img 59 UNSAT 5
0.6641995906829834 seconds
concrete  [-24.309790064350747, -15.154225347638715, -10.812299560036207, -5.5988859969454285, -26.449493209733724, -10.253454432523256, -34.22960760427141, 15.528168491849081, -17.885232764481522, -8.826169748261997]
nlb  [-29.02621224402572, -19.75864381848974, -15.028159331531784, -8.944286627476103, -31.161814079895333, -14.473971021981132, -38.765587617357866, 12.801902774642183, -22.64796218337096, -13.297570726098533]  nub  [-19.367296363441255, -11.37037197822531, -7.570386812195483, -2.078175579926934, -21.983672014838223, -6.086732938983929, -29.71815041919501, 18.296399243806597, -13.9772278420415, -4.849440731853378] adv labels  []
img 60 UNSAT 7
0.7398591041564941 seconds
concrete  [-15.733879780017109, -25.428621271193624, 0.30218584998991044, -7.8755760798734595, -22.427041971979065, -19.87482116829588, -39.70216053049177, -20.123082813599332, 17.34617040802956, -10.678282988016672]
nlb  [-22.347565362078594, -32.5491634792921, -5.954559557003766, -15.570221165069546, -28.92706774872368, -24.998003233035757, -46.29078894143189, -26.762098995719736, 11.462314847587841, -16.434529879139834]  nub  [-9.802159509683126, -19.33017249027243, 5.3633389371910125, -0.2299407957049431, -16.381363160996028, -12.941225765065527, -32.97181808110521, -13.795027998743052, 22.110402994013167, -5.744338319289866] adv labels  []
img 61 UNSAT 8
0.7309634685516357 seconds
concrete  [-13.666889036682798, -27.923483322320475, -14.228331896066992, -14.61681721131836, -9.86141932830362, -2.514822070731027, -17.657797596627432, -3.663198250695837, -8.509324150567636, 5.674128015933095]
nlb  [-23.67275183065803, -37.10077636628925, -22.5352072020532, -25.988844824518946, -17.41796222022626, -10.874013675073927, -27.603128951953856, -11.652269357681508, -18.167221897424763, -3.6839660779930092]  nub  [-5.018210659248066, -17.305976939469225, -6.170247462170015, -6.476601152886696, -1.257025805541637, 5.134276517678872, -9.261952423054105, 4.176145606620587, 0.4998299544268833, 10.944456688070623] adv labels  [5, 7, 8]
img 62 UNSAT 9
93.72517347335815 seconds
concrete  [-34.1731135575687, -21.447868578936024, 0.447043756511674, 11.159629943929234, -20.118965173416246, -16.66806546884914, -48.24355688628478, -16.89021965703352, -6.381563591114813, -13.654924476640161]
nlb  [-41.59257057231033, -29.12539381017362, -5.2093459530052275, 4.542228215651285, -27.181643970366366, -21.881999248260975, -55.99669464576576, -21.61373255665163, -12.443466207439691, -19.487489906033787]  nub  [-28.021342523558804, -15.126396831031284, 5.83413903658829, 16.78698939247781, -14.742424485949758, -11.326172171173488, -41.052414971589485, -12.709899126044798, -1.1901350731309701, -8.112521170629405] adv labels  []
img 63 UNSAT 3
0.669816255569458 seconds
concrete  [-58.58377286443425, -29.579358902962895, -17.296990869437273, -4.066829115320239, -6.372453415966391, -33.24771556364319, -61.68846759359333, 18.56754616300812, -14.705971862293591, -16.777102980301205]
nlb  [-66.67248499995853, -38.28495382631335, -25.218632129749956, -10.26894249745323, -17.688657478891336, -41.264472921911405, -68.47459721411813, 11.564840948179945, -22.02102085232167, -25.24975499267784]  nub  [-48.160122939683355, -21.71124522390278, -9.278770021222599, 2.5665650358801386, 1.4138960091796946, -24.861518815129422, -53.874846892003134, 24.171865091456407, -8.928842559733647, -9.54522803377675] adv labels  []
img 64 UNSAT 7
0.7590591907501221 seconds
concrete  [-20.63248967608882, -6.972540779345094, -11.404633627279678, -10.750368464059097, 4.560297781495775, -10.723109016074124, -29.756257575306602, -12.891210282304806, -14.213748447769133, -3.5897431387843066]
nlb  [-32.28187533495646, -17.855253237965584, -19.480212619414782, -21.826103632473718, -3.586438541402323, -18.19600253250224, -40.94611954957432, -20.61129186291776, -21.40484274668845, -12.73695615631285]  nub  [-12.195017305036854, -0.2850089523703696, -3.3773522028203913, -2.4812925240989117, 12.128026585284275, -4.403058332642775, -21.301903706904113, -6.413035897808827, -6.494299837710228, 4.116980992258782] adv labels  [9]
img 65 UNSAT 4
22.817591428756714 seconds
concrete  [-6.2976209388737, -23.237137955995173, -17.824090876992372, -21.451843606048687, -12.497787812996307, -17.7253996947796, 21.319750484981107, -20.845544705326702, -11.746787997573499, -17.48818028806763]
nlb  [-13.969652447984618, -32.95414008093864, -26.19357511394554, -30.665860496949236, -21.901346855580144, -25.049080660396356, 11.895971580961774, -31.067475816319305, -19.322601427804504, -25.262413976301293]  nub  [1.9419267469722925, -13.759535072332888, -9.671702852985511, -12.612316276098008, -4.005580016629024, -11.686529202189114, 27.904771933747078, -13.504539631804171, -4.485859363100553, -9.743709551455705] adv labels  []
img 66 UNSAT 6
0.6745779514312744 seconds
concrete  [-19.850516641714172, -13.285585702248806, -18.610167350527156, -23.409085500812814, 13.019279732696015, -22.261166704286914, -27.44401949733988, -9.183943846624501, -14.794313407907392, -1.2934954688329212]
nlb  [-31.855611348683208, -21.400291428508815, -27.720911840831263, -31.842457509949003, 5.300438194556302, -31.210599041342753, -37.30404488267899, -16.75549739060783, -24.15875070579397, -8.03581563119753]  nub  [-12.250342796657637, -7.173147926673717, -10.677180302500231, -14.227690645283172, 18.378047952046643, -14.180798137584032, -17.190805377838124, -2.3315007454171277, -6.774133204551522, 2.9612431429344026] adv labels  []
img 67 UNSAT 4
0.731661319732666 seconds
concrete  [-29.312808905172417, -15.867595684081248, -13.21194696186469, 20.222896013259085, -18.105396574959396, -7.947098432485059, -42.088028925089766, -13.307998201293623, -9.171345792178505, -9.5097952031381]
nlb  [-39.672277025362156, -25.584846980747987, -22.448537562098696, 14.716563352878548, -28.13613413483377, -18.93890287313063, -52.04500971752846, -20.623896168710043, -17.541448491360867, -18.406080964444026]  nub  [-20.129544592892188, -8.673508701228757, -3.147612497128009, 25.860943023422898, -10.879291798527625, 0.5929933514871587, -33.19456972933503, -7.4789778876447714, -1.405750370414396, -1.5061117761366474] adv labels  []
img 68 UNSAT 3
0.691364049911499 seconds
concrete  [20.807583762681347, -29.7368731534591, -18.58225337499578, -20.67500286225452, -24.79169078038531, -11.630926349862012, -8.868407136113605, -20.327067429731244, -12.87100733008662, -5.497685381465854]
nlb  [14.144791926076389, -38.58046071121392, -25.487912687198445, -27.05779241160809, -34.81810893277408, -19.10106891015288, -15.196123374607508, -27.2110416416299, -19.70751863992229, -12.3922314816843]  nub  [25.690876619554995, -22.685531844211997, -11.974768635295028, -13.86457938062745, -17.904498820061434, -4.364894655831397, -2.949360535135109, -14.239585057928029, -7.71581890987307, 2.0250294967040015] adv labels  []
img 69 UNSAT 0
0.7286100387573242 seconds
concrete  [-24.080843981274192, -9.794970298417134, -11.357826556382662, -5.346823766135313, -19.25016961885388, -14.449450531341677, -31.007434043711594, 15.618607498488862, -25.511332803189255, -5.917610312341826]
nlb  [-28.432736775744477, -13.297387782800069, -15.09685094830601, -8.693774073844123, -22.882655041184606, -19.55072416985144, -34.170167040593135, 12.642382086189727, -30.057713104167735, -9.246707572435088]  nub  [-20.120473825839984, -6.686779716507112, -7.571772626880392, -1.5414501448858549, -15.809934594436456, -10.448640794586854, -28.29620302126145, 17.635804401208077, -21.25155110076401, -2.678078649386899] adv labels  []
img 70 UNSAT 7
0.6704199314117432 seconds
concrete  [28.1395430669828, -44.36682113445856, -11.796322076217905, -30.164117817277333, -22.903149113292095, -14.368589655387554, -3.5198894123913416, -15.044193677115112, -14.649587587163305, -1.1753232288410915]
nlb  [23.678075939246668, -50.73413496617393, -17.490614823282492, -34.69213924783803, -30.486190758275956, -19.614670182723078, -8.327078368930668, -22.018679325617587, -18.956480803939638, -6.144620499237953]  nub  [31.841783275675613, -38.54926941164002, -6.362737085547428, -24.478145465408637, -16.61963753687102, -8.863252081010204, 0.9448887199359602, -8.868880456327298, -10.346950413240704, 3.043218758891104] adv labels  []
img 71 UNSAT 0
0.693183183670044 seconds
concrete  [-2.1361537693528403, -15.467314355014215, 24.406302550322224, -4.2770573865737225, -22.341507300815376, -22.860849768138685, -35.374570003182505, -10.484839149764731, -13.822766329782127, -15.468139641219702]
nlb  [-7.621863953570801, -20.494060950948057, 18.656484382783425, -8.484172774702245, -29.404496732376394, -27.401210563708766, -40.24787352035164, -15.175622294170873, -18.932236640913946, -21.224457411635488]  nub  [2.9306331260731953, -10.234496587166422, 29.41838499595602, 0.7161954002471319, -17.35177379385573, -17.828094562123677, -28.537098023068758, -6.564112363435628, -8.973490345021164, -10.809316500591159] adv labels  []
img 72 UNSAT 2
0.7186901569366455 seconds
concrete  [-29.810285894411525, -16.22142113989638, -16.433604111374375, -14.70920050411546, -5.819118688432145, -28.884795027766955, -44.73664966119879, -2.694307395840935, -2.0847833857192013, 12.83415551848387]
nlb  [-34.65226175779726, -20.361599960457333, -20.84017123127739, -19.469353473092454, -8.904869399041166, -33.67919863322259, -48.977112064084935, -6.338595835354197, -6.110821760730336, 9.553733708114107]  nub  [-24.9925386529947, -12.258685998126927, -12.4169909511597, -10.558311482602823, -2.306230671118641, -23.897556518809594, -40.69845670594217, 1.3616278023433388, 1.2466036305183736, 15.485017018119182] adv labels  []
img 73 UNSAT 9
0.682528018951416 seconds
concrete  [-26.352994391038273, 10.697796311343565, -12.67268910579258, -17.170880587204547, -3.947200577116461, -14.106167312699792, -13.531947280219295, -7.277869097578103, -9.898824113067976, -9.800217703958776]
nlb  [-30.40948238172004, 7.022857741154894, -15.924256833018475, -21.88770013500056, -8.162307854048683, -18.365799477133233, -18.144214001420927, -11.26290056814867, -13.386127648469056, -14.54289975944002]  nub  [-23.07092774779114, 13.698228291939076, -9.243947272500664, -12.576621019351286, -0.7639501242477835, -9.633271970722884, -9.768752980417185, -3.2174569274515097, -6.90920427222249, -5.7676022308327815] adv labels  []
img 74 UNSAT 1
0.6797902584075928 seconds
concrete  [-46.430479029435205, -11.090207947603906, -22.265788417334797, -0.3620593747082202, -9.975356408459215, -24.61859873519117, -36.064943064260135, 24.06970329895999, -18.901091186988378, -13.41078696670416]
nlb  [-59.042300819769366, -19.933594503907617, -30.919645942317533, -11.616658769097462, -18.684200235803637, -34.41446388807229, -45.24349966990215, 15.533067385624877, -29.235469847881024, -21.51332321730615]  nub  [-36.79875202392595, -3.1778128279898206, -14.214080605381174, 9.490225853005231, -0.9861669781255686, -16.261997005873834, -29.409105985609372, 30.776793117797208, -10.13536951728033, -5.636524763401219] adv labels  []
img 75 UNSAT 7
0.7088644504547119 seconds
concrete  [-24.305433155354656, -17.854251969919055, -6.929486767911492, 18.849956478112485, -20.101986747514292, -7.8537280231021285, -17.982263847113956, -20.29230122142621, -13.145687409358557, -14.070011964104546]
nlb  [-29.8874853727372, -21.57722282482376, -12.473079277579199, 14.298411628990396, -24.92000198360611, -12.479786104648285, -24.174426032462446, -25.86272015023194, -16.90738316936387, -19.588949721820526]  nub  [-19.638482420623273, -12.879370840985628, -2.6547933306431557, 22.32997641437169, -15.309899105750556, -2.1230463745598245, -14.059646635462814, -16.178381062027345, -8.296536322463629, -10.434484882843524] adv labels  []
img 76 UNSAT 3
0.7164409160614014 seconds
concrete  [-18.412021119142018, -3.558437678167785, 17.85645728564611, -6.9881801554584735, -25.60218786354791, -20.601602138856865, -26.466560702116926, -3.277938408040337, -7.11484735821237, -11.521938987555371]
nlb  [-26.70988078409152, -11.133423774285554, 9.9122794669164, -15.110371980430338, -34.55011415426832, -26.393399595822082, -35.67867827824794, -12.597592254284775, -13.6409287175586, -18.88769238290531]  nub  [-11.305606256714341, 2.827578771179952, 23.063620357782202, -0.6776539564697203, -16.929853814017942, -14.311311696707868, -17.99115281323167, 4.784437064935258, -0.6733683550222653, -4.297453734198664] adv labels  []
img 77 UNSAT 2
0.7029943466186523 seconds
concrete  [-35.66623640159922, -15.194295232120437, -27.5879098840424, -21.952192102193063, -5.020347475866288, -29.23284782513231, -34.48381059737684, -8.110508104212263, -7.463219721674846, 10.68340830225516]
nlb  [-42.7697180988686, -19.646282653273833, -31.798683330585124, -27.417407414850793, -11.636600545159338, -34.261832009548044, -41.23981607654503, -13.986793416944824, -13.621623984099267, 3.338212205398835]  nub  [-29.245934573725442, -10.093646313719994, -21.03617828217122, -15.73076797489103, -0.05926796616609498, -24.495809450744034, -27.909866072267366, -3.1223918392742624, -1.6186024691431933, 14.188118654075549] adv labels  []
img 78 UNSAT 9
0.663043737411499 seconds
concrete  [-33.90892224190251, -12.693944858904235, -15.953951740279356, -5.69396096873992, -3.9734823881994203, -27.42773984110959, -37.292405403275325, 16.183918178343525, -11.863893081332495, -0.681348096757917]
nlb  [-41.533098112200726, -17.90743793338529, -20.857646522048825, -11.865774640009063, -11.629103022367541, -33.35166377011252, -42.74856523898601, 11.481354109847336, -19.168469696477796, -6.816579347993193]  nub  [-27.140612280721744, -8.506361203462056, -9.521176725427361, -0.5134421060753791, 2.562215875509012, -21.635594849725827, -32.8507225353124, 20.601825666381558, -4.646029621688402, 4.37786872009945] adv labels  []
img 79 UNSAT 7
0.7521088123321533 seconds
concrete  [-21.999906877716317, -11.419855140056244, -18.381590932504533, -18.52547551615113, -4.741280883511767, -16.091225204617118, -38.91315529225197, 13.707670508668583, -25.59193861735225, 3.4331742798527953]
nlb  [-25.622233503395137, -15.15038792876107, -21.666464920498644, -22.12898051393681, -8.129530906017846, -19.426571372316932, -42.417379619135794, 10.781189393023222, -29.23541965453202, -0.6232598919832283]  nub  [-18.22575420465441, -7.838927630815475, -15.074262847284386, -14.58209985698093, -2.0356780212961993, -12.498790399959562, -35.6654722401758, 16.912117770646972, -21.448875513493046, 5.605790319251374] adv labels  []
img 80 UNSAT 7
0.6947488784790039 seconds
concrete  [-10.046011358544446, -24.114927409538247, -13.876960186518534, -19.860686099753217, -16.60631708301242, -7.680958227697899, 14.023678155218077, -28.1105953945971, -5.877569069740639, -12.708316535249535]
nlb  [-15.136905910954837, -30.417092139129732, -18.903874241727163, -24.423728057562002, -22.78468460098872, -11.652308324870535, 10.05998244127559, -34.97199484879513, -10.031212497226846, -18.73310692576849]  nub  [-5.95143162147478, -18.69468667651346, -8.755685325689887, -14.963718671169278, -10.842665598284524, -3.5716844364085114, 17.59285418527898, -21.066068521488308, -2.7556626318761492, -7.994369471487315] adv labels  []
img 81 UNSAT 6
0.6922743320465088 seconds
concrete  [-27.122704501100433, -5.55934196502464, 25.705851586088333, -5.837439822248483, -19.570447350126116, -32.31333869784439, -46.31251312667411, 6.645859731516702, -17.159181929501795, -23.848395612056294]
nlb  [-31.914235389622778, -10.00475279113812, 21.86743114749799, -10.792808312148749, -25.339874050447634, -37.104743320812204, -52.49681023958185, -0.5914437673172667, -20.378131061279326, -29.051999146220965]  nub  [-22.85133123876745, -1.1675939839171452, 29.76740037329049, -1.850931264881457, -14.172604430494212, -27.000773686847644, -39.403364875721465, 11.102068923198608, -13.853452659523008, -18.852379724915533] adv labels  []
img 82 UNSAT 2
0.7278001308441162 seconds
concrete  [-20.037706435801898, -7.812236719497822, -16.023699450115647, -7.942163239836241, -8.819761504570794, -18.204370710553953, -35.28813955499086, 12.414400175110691, -18.0702441280938, -2.02120939919563]
nlb  [-24.660936919018546, -11.30018608692863, -20.061819581748814, -12.268215285628834, -12.502514709825597, -22.35268970691246, -40.40532280522174, 8.562078666211848, -22.31150574965387, -5.27745811689877]  nub  [-16.137210458602137, -5.146218951853354, -11.474860152820128, -3.63304690731557, -5.525016557124539, -14.070582288979889, -31.005019792335855, 15.71872715492902, -13.468698001855289, 0.8095812167283798] adv labels  []
img 83 UNSAT 7
0.7138545513153076 seconds
concrete  [-24.860784255071895, -31.42578113504685, -27.28006055445942, -12.673626865038639, -9.138546806436326, -8.072797647116651, -12.311955444835347, -19.843319794634137, 19.311218384696396, -9.224490389223282]
nlb  [-31.84549942030406, -37.97390545459613, -36.19758653192187, -21.837961369179254, -19.56278145831417, -14.69825989322854, -19.19187104349485, -29.150743895979865, 11.909662977760972, -16.373965494610573]  nub  [-16.648362882379235, -23.287319070762145, -17.45476671147186, -5.7649858645702245, -0.39627085046947347, -1.2390017757421266, -6.512632745738393, -13.144458634320735, 24.099708802818803, -3.3318717862821625] adv labels  []
img 84 UNSAT 8
0.7256360054016113 seconds
concrete  [-31.31305702468673, -18.899741853074143, -29.797629039836693, -20.35585250056525, 16.10241293207323, -13.044492567948543, -28.96869473429007, -11.607882457451291, -6.827805891303243, -13.696400807234356]
nlb  [-37.62519197778721, -23.812255180775775, -35.16588212568051, -26.616248917377533, 11.694648968543023, -19.056646981017895, -33.87272658419909, -16.38346509896039, -12.922305216262364, -18.62537422690048]  nub  [-26.42712402879079, -14.118250648012866, -23.438402617503794, -14.121590062459271, 20.34869679458336, -8.117980296076544, -23.315878751100467, -6.155189250806945, -0.9506804830115996, -8.800438580874903] adv labels  []
img 85 UNSAT 4
0.6643264293670654 seconds
concrete  [-35.597090046521494, -6.929185094718345, -18.183621725453612, -4.750092267686576, -11.533782609055763, -20.499603024169087, -40.44639828445867, 14.609034829698846, -10.970488930971362, -4.126932103693514]
nlb  [-41.81716701305036, -12.07543605878481, -24.28274844483807, -9.27043823831917, -19.304057290242056, -26.150243939311856, -45.784357346152625, 10.389156440450021, -16.2067440552502, -10.044013611942606]  nub  [-30.069510721150927, -1.8201918784595814, -12.875638469834403, 0.9240538764529007, -6.310657015441335, -15.605771060317132, -34.541722253225295, 18.455333719994506, -5.888667189285651, 0.9299184717532253] adv labels  []
img 86 UNSAT 7
0.7224781513214111 seconds
concrete  [-27.29661838824778, -21.771700126433288, -10.581893110211265, 19.016708263151823, -16.50711061069687, -8.281651419423866, -20.14146400467432, -9.360746958747121, -17.477494933135798, -14.424904656249]
nlb  [-36.996365977833214, -29.242737505227208, -18.310643934744274, 11.855705723676028, -21.27422331039164, -13.499011152155866, -25.758215103660245, -14.618013582614985, -22.812961617619987, -20.38240946692051]  nub  [-19.85817713383498, -15.142447742297461, -4.422376913464078, 22.99799817013368, -11.554532531174491, -2.800041075581226, -14.88194476781575, -4.794067311825702, -11.647928891234873, -8.670648382787332] adv labels  []
img 87 UNSAT 3
0.6772541999816895 seconds
concrete  [-10.75339948399554, -22.69427931517638, -23.63556991404195, -28.74473073421498, 0.9218811724991939, -6.156815566415922, 24.48805583987635, -32.81984694468291, -1.6629237187198749, -31.213833491202937]
nlb  [-15.269344394589513, -29.37162935409132, -28.5039467311672, -35.97247037465603, -5.681594509668543, -11.75792324225084, 18.44809883754727, -39.96129488556471, -7.566614651551358, -38.21991723215739]  nub  [-6.217619593595108, -16.39343693986014, -16.010557521920987, -23.267752760609145, 6.019994070367261, -1.067955281692936, 29.114887928927548, -26.255411730612252, 3.1946062267778297, -25.103929237313274] adv labels  []
img 88 UNSAT 6
0.7183218002319336 seconds
concrete  [-13.65328070732158, 3.8005111378852763, -12.264033752803021, -14.238526650612759, -8.695120826679018, -19.57190220314243, -10.690794633496116, -11.073349545642577, -11.721243499735063, -21.332902402536863]
nlb  [-19.29514347660877, -1.1885578074036076, -16.86337852177528, -21.030533203363294, -13.87188886405505, -24.459251591761156, -17.02763317957393, -15.288075917555433, -14.842126860409318, -27.056592493061814]  nub  [-10.115559807432122, 7.441394946165528, -8.421996223420921, -7.212747942537352, -5.273933562280056, -13.272549308570563, -5.217114026649123, -7.029933816048232, -7.651922858247636, -17.131422356145137] adv labels  []
img 89 UNSAT 1
0.7396161556243896 seconds
concrete  [-19.29583591872626, -19.138952513066798, -4.8508763311204275, 18.155324610370087, -23.811660834865272, -9.386053935967546, -29.751235370978108, -21.47384156868076, -8.571907734448171, -9.634191546689271]
nlb  [-25.952163243612077, -25.89680473601716, -10.398053295096071, 13.041489308170403, -29.070023126141205, -13.826580787176852, -37.07238017522728, -26.94245033526726, -13.147235075200166, -15.098756773426636]  nub  [-13.349820204641166, -13.806169378383172, -0.3061193897402199, 21.8635597347883, -18.830351180432245, -4.958112422511857, -23.066296833370675, -16.19906513191553, -3.2801660532768238, -4.372971574486945] adv labels  []
img 90 UNSAT 3
0.7193541526794434 seconds
concrete  [-19.01337891087795, -22.87607447554644, -21.219805258474416, -7.709177324245123, -8.329558098709938, 1.8125224145443162, 22.492528339973436, -41.06345006726938, -9.816115058295201, -25.129077273348447]
nlb  [-25.67995342746521, -30.769695615089155, -27.36843460065936, -14.645840372226576, -14.077010601970496, -1.9114473920858974, 17.38303062013731, -48.17476224609301, -14.808172683766239, -30.574205377149934]  nub  [-12.692527349917745, -16.737098781113325, -15.64095674459512, -1.5523479113171943, -4.490926830787781, 4.714185544536039, 26.710464582811703, -33.80281457707554, -3.5530407380738462, -19.48618371110151] adv labels  []
img 91 UNSAT 6
0.6959362030029297 seconds
concrete  [-28.77676253572573, -19.93133092785233, -21.915077355184724, -19.16557313117841, -2.695821958131403, -20.96227773153166, -22.727757794392428, -11.840233956719125, -6.10267344051489, 2.662857790270291]
nlb  [-42.040135747904834, -31.36374982649427, -30.937302024235276, -28.788322284009126, -13.159660756541447, -30.293496771170012, -34.47187386185139, -19.63519597520993, -16.620736874019837, -7.531516684743392]  nub  [-18.140498523519984, -11.194850866383133, -11.460528270767336, -6.362336265150009, 5.6070517085569955, -10.46197909898825, -13.204536290362244, -4.416637247547248, 2.105507637965337, 9.672240425658453] adv labels  [4, 8]
img 92 UNSAT 9
63.670024156570435 seconds
concrete  [-19.640906804458602, -14.49432475411901, -12.361889288627903, 13.429631265121964, -13.355272063910995, -6.896536213535466, -40.84334823204304, -17.50308139624033, -22.102190720343806, 3.11705134831995]
nlb  [-24.891247942554223, -22.833495213778523, -19.189651013309337, 6.418137642568081, -21.04731393586521, -12.643025827932831, -47.59275575408621, -23.07556963801177, -26.503612331258523, -2.959581429141758]  nub  [-14.735770938549116, -8.60160755920785, -7.019283442946462, 19.350203844375176, -8.58181727831355, -1.4788780305413727, -35.42471530803101, -11.98977137853605, -17.328751854990568, 6.337294655609864] adv labels  []
img 93 UNSAT 3
0.7306787967681885 seconds
concrete  [-20.208196409430982, 12.961917390305896, -10.15532576494926, -17.675288450601577, -4.207547655744653, -14.559607494706299, -15.85274842196141, -11.24789278062346, -4.807163087846086, -8.867121343913443]
nlb  [-22.563160478747186, 11.488904127351272, -12.116412659451276, -20.061353316804414, -5.564958002443377, -16.669234077716894, -18.19760699688191, -13.760348159928691, -6.4251791923233315, -10.884798693946113]  nub  [-18.22584914806504, 14.275595253299887, -7.894793054802245, -15.132995125803033, -2.5988085596681807, -12.671617878074313, -13.46747469717933, -9.484250847966976, -3.4199041285354976, -7.042913579459211] adv labels  []
img 94 UNSAT 1
0.6931214332580566 seconds
concrete  [-14.67092887190931, -26.455394980862955, -20.34744250660391, -24.79788434022537, 14.583175706873254, -17.842259788509917, -7.173121752648422, -13.849124363875658, -1.0295340481178907, -4.66549358051694]
nlb  [-25.846904425915234, -35.657552957665615, -30.70493710267547, -34.95679180958662, 5.840789044779776, -25.390756488016706, -16.590435967209977, -23.11317796599591, -11.913624691018164, -17.94592767471608]  nub  [-6.9970800615764865, -17.15304442091274, -11.017189521633782, -15.2004751076295, 20.93345594260405, -10.447844281228074, 1.1534119957730886, -7.013222418048709, 7.841512948862323, 3.3777673598808953] adv labels  []
img 95 UNSAT 4
0.7463433742523193 seconds
concrete  [-20.17799488114333, 7.518195907615703, -8.970717224135205, -11.054428154445846, -3.5340179122324664, -10.436840716650636, -23.786991928432474, -10.377647768243186, -6.155451111641127, -4.932990351866972]
nlb  [-24.87343953679168, 4.298885287339515, -12.740648057459723, -14.89233754944054, -6.631510683936614, -12.77823374287421, -27.691271550034354, -13.00488675593205, -8.365975262503731, -8.098420134823405]  nub  [-16.48346456443689, 9.81753405318288, -5.856990900462876, -8.533937461496597, -0.49707924715659824, -7.585474479919929, -20.185225128323314, -7.711108684980912, -3.7907986390534036, -1.9513605949656747] adv labels  []
img 96 UNSAT 1
0.7333698272705078 seconds
concrete  [-36.88531726801946, -17.317756359010147, -9.096055440150034, -13.04030135584379, 4.075764085760519, -26.201817603926592, -35.640475301775325, 24.31469590094332, -13.240110542479846, -26.399690412379826]
nlb  [-45.59549233415806, -21.696927111715894, -16.633836435819617, -18.695273587581415, -2.7553581421459983, -30.73025527832605, -43.054971314592954, 17.727978481180948, -19.8819289549979, -32.92182580049894]  nub  [-29.83628410124456, -12.486767895239153, -3.1651167559786164, -5.436532089330431, 7.900878600017492, -20.471536843316827, -28.187784277037135, 27.35247775183607, -5.773304199138525, -20.32222452306676] adv labels  []
img 97 UNSAT 7
0.6948401927947998 seconds
concrete  [-4.166360639964281, -21.384656433195147, -10.728179168831966, -15.083248948793097, -23.519644674511575, 0.027345408948320656, 15.65831369877865, -29.418600497169866, -4.213009214869035, -14.431161078137015]
nlb  [-8.946522338024808, -26.294469937684156, -15.353765915295648, -18.94298791223651, -29.024688669033672, -3.8822085108510183, 11.898888301118026, -33.92322005388755, -7.806759079304156, -20.00323499880184]  nub  [-0.45703159593139137, -16.930977582142752, -6.707919017336206, -11.389415870109028, -18.419811998815764, 3.7280418150381607, 18.42442158201708, -23.83833444998066, -0.2764807628947348, -9.530362885058496] adv labels  []
img 98 UNSAT 6
0.6820321083068848 seconds
concrete  [-31.714026687809, -35.512505203488914, -22.19703849936192, -10.073767689985818, -6.264142138796997, -22.449651155899648, -46.88278962938153, -11.080456524719029, -20.70426042916288, 18.417060658005354]
nlb  [-39.849022076686296, -40.46825019335045, -28.435451501745987, -16.417798581248782, -12.690268845399826, -27.94394568418554, -52.97139835811418, -16.78402032277277, -26.79637567236981, 14.25560350955887]  nub  [-24.443799572031846, -30.924956877596465, -16.688477154695256, -4.961258118473834, -1.5331928577198506, -17.072457482837798, -40.180768232189294, -5.779098519607862, -14.560379461697844, 21.367357232431598] adv labels  []
img 99 UNSAT 9
0.802553653717041 seconds
analysis precision  100 /  100
