netname  mnist-net_256x6.onnx  epsilon  0.05  domain  deeppoly  dataset  mnist args complete  True  complete  True  timeout_lp  1
This network has 1536 neurons.
concrete  [0.01678831993302661, 0.0038153877443356386, 0.052479915809731076, -0.003515672587083688, 0.005510609857398745, 0.0041904146213729305, 0.011367909618054563, 0.8993511344887221, 0.00788981029892671, 0.004515418433795642]
nlb  [-7222.8291277291055, -5180.976105479005, -5370.4253121791335, -6978.929191537546, -7022.694112102953, -6214.885714638828, -5214.064907902936, -5934.968767612565, -6290.797856432161, -5803.055744978239]  nub  [5123.384706737884, 6593.869280923834, 5368.558176879646, 5901.203898713947, 4831.489131888587, 6194.91653060361, 6305.176702046759, 5540.889650534279, 6056.170970776637, 6843.66318155287] adv labels  [0, 1, 2, 3, 4, 5, 6, 8, 9]
Using license file /home/gagandeep/gurobi.lic
Academic license - for non-commercial use only
img 0 Failed
174.8663890361786 seconds
concrete  [-0.007930765506352092, -0.0024492663711544304, 0.9260452940903633, 0.006168932074526512, 0.014698648030152493, -0.03360888888385513, 0.011240040482816314, 0.048732671388732864, 0.009898086478712615, 0.011017997572907185]
nlb  [-732.7707528075898, -526.3845767191489, -545.5611573175976, -706.8528804160815, -712.6484877432459, -632.2691127204502, -530.006959432024, -604.0555280989472, -638.3470486888133, -590.2460061660297]  nub  [519.9880427566507, 670.9709959160756, 546.3485436153759, 600.8673215672236, 492.335513075708, 630.094792332023, 640.4707022707654, 562.822747415233, 616.0584488955787, 696.1044388111928] adv labels  [0, 1, 3, 4, 5, 6, 7, 8, 9]
img 1 Failed
168.66798996925354 seconds
concrete  [-0.0031881886310131703, 0.9818167924108963, -0.003891583851175457, 0.0008166167489604571, -0.003035129685858464, -0.005086082190703152, 0.007904326141352405, 0.013229705350071794, 0.004084135329050371, -0.0006739404735144122]
nlb  [-15977.120014046975, -11462.348556649298, -11883.48298533454, -15437.392268225449, -15533.895618565932, -13751.286552968544, -11534.273015564695, -13126.957525169755, -13918.162762556443, -12838.253219255328]  nub  [11336.650491031629, 14586.397577474883, 11878.401371972508, 13055.334619039208, 10692.049843363679, 13705.545317954991, 13949.817038331266, 12259.07881330921, 13398.416564482475, 15142.415264336361] adv labels  [0, 2, 3, 4, 5, 6, 7, 8, 9]
img 2 SAT
130.72668623924255 seconds
concrete  [1.0032072874750348, -0.0016552758843280035, -0.0071889008719791155, -0.008900147143374967, -0.0005598161486846109, 0.00391752613238851, 0.008482245714697644, 0.004733867134126441, -0.0026084085238004887, 0.001292276797421955]
nlb  [-5578.779662077556, -4004.1098478900235, -4147.694266884557, -5386.8848190915405, -5425.30856404248, -4802.710162288184, -4029.092685211566, -4586.463634596761, -4859.408651308443, -4484.407431911895]  nub  [3957.160154210034, 5092.795461449966, 4147.423836145784, 4561.646217963903, 3732.532886976123, 4785.201763603205, 4870.260491471688, 4279.715454960454, 4677.634700895214, 5285.843640238142] adv labels  [1, 2, 3, 4, 5, 6, 7, 8, 9]
img 3 Failed
165.94835710525513 seconds
concrete  [-0.001850748038089785, -0.003245076664531454, -0.009436085662893832, -0.009101430273522112, 0.9784142303534874, 0.00043315356349759703, 0.027731586060712195, 0.008561592419444267, 0.0021392719753054075, 0.006950974977839461]
nlb  [-9847.999698528638, -7064.593035617987, -7320.784022136497, -9513.96949519428, -9572.98724799626, -8473.581762360314, -7108.190262733184, -8091.421250667568, -8578.734076392535, -7912.209280583143]  nub  [6984.621406746383, 8989.878512214704, 7320.041466121655, 8046.437396569797, 6588.87518316824, 8447.166339305792, 8597.200519175598, 7555.235299673557, 8255.884889121042, 9331.351930426683] adv labels  [0, 1, 2, 3, 5, 6, 7, 8, 9]
img 4 Failed
169.1513090133667 seconds
concrete  [-0.0032677364460186728, 0.9935875763810917, -0.005682041072718138, -0.002569427391024205, -0.004473302138408999, -0.008421818530585296, -0.0010320270674074108, 0.015903979652988495, 0.007755938664601229, -0.0026331875885011614]
nlb  [-11091.818039861811, -7957.674765960683, -8249.787916197483, -10717.061257504605, -10783.96365094388, -9546.813728512916, -8007.463617679282, -9113.396974325531, -9662.358885959728, -8912.998023638624]  nub  [7870.175275522494, 10126.387525037824, 8246.577357566142, 9063.81703009868, 7423.007016037204, 9515.049944981949, 9684.505722178561, 8510.782554510608, 9301.759704926722, 10512.333295807737] adv labels  [0, 2, 3, 4, 5, 6, 7, 8, 9]
img 5 Failed
169.18943405151367 seconds
concrete  [-0.00365054352792043, -0.0034853270270968732, -0.005500101710228871, -0.006602130130830561, 0.9539782671482676, -0.0015193328657151272, 0.025027626867174184, 0.017863538055179002, 0.010683930025368975, 0.018490161005688514]
nlb  [-9341.497820009175, -6701.463303778305, -6944.260050441432, -9025.26547959315, -9079.180114584273, -8038.7248793588415, -6742.4680999754255, -7674.443423686713, -8137.747250603945, -7504.161618239717]  nub  [6625.242091877414, 8527.2846107822, 6942.798515500936, 7632.072291937137, 6251.382085028272, 8013.401717412812, 8155.474043518324, 7168.001819071145, 7831.9963435584505, 8852.621515914303] adv labels  [0, 1, 2, 3, 5, 6, 7, 8, 9]
img 6 SAT
129.6200885772705 seconds
concrete  [0.003863513844109835, -0.0006347079383292528, -0.012795100668880906, -0.0010657274165530271, 0.013649903661818234, 0.012850256246861612, -0.013437467286834946, 0.0198777543621541, 0.08111100049191358, 0.9017171701127633]
nlb  [-8231.412232966437, -5904.732104406585, -6120.794506565558, -7953.607134082899, -8001.431782678352, -7083.366951809994, -5941.860930185395, -6763.466957813137, -7169.779194702152, -6613.306679415055]  nub  [5838.832051606043, 7514.534672658331, 6117.990179733945, 6725.729283853552, 5507.691866211743, 7060.556811918448, 7186.270318334411, 6315.67315765869, 6902.008498629154, 7800.864356873297] adv labels  [0, 1, 2, 3, 4, 5, 6, 7, 8]
img 7 SAT
127.65037822723389 seconds
concrete  [0.00987356833972445, 0.03827897588377378, 0.001604805962021543, 0.08873554543553093, 0.003021189027672455, 0.38804423251982206, 0.2830558950105245, 0.087326135577999, 0.08126742680937138, 0.01597894971201992]
nlb  [-4234.576474847904, -3036.9513843424434, -3145.732769176937, -4088.0173625429948, -4115.321706292011, -3644.0437623984776, -3056.5138719089377, -3478.7727897417703, -3688.9521677137845, -3402.7914799237637]  nub  [3003.3388377306087, 3865.4278732522234, 3148.471094013784, 3461.796408539059, 2833.537959235999, 3632.9100947467778, 3696.1486413397247, 3248.512219622605, 3548.9988971009548, 4011.2369408028226] adv labels  [0, 1, 2, 3, 4, 6, 7, 8, 9]
img 8 SAT
128.3915410041809 seconds
concrete  [0.004572846248964363, -0.001958072658357176, -0.015443625136387813, -0.004140067097703606, 0.01631325709236347, 0.01672491283994696, -0.019855129759153906, 0.023259518196629376, 0.09378792199128973, 0.8938384422339835]
nlb  [-2722.980018780767, -1954.0637214901765, -2024.57375706563, -2630.624658844476, -2647.6243413255866, -2343.790612110035, -1965.2542063577253, -2237.587094485233, -2372.313446375153, -2188.9248358800064]  nub  [1932.5909421989293, 2485.6251287595396, 2024.7896968605078, 2225.390327936288, 1822.0918967880211, 2336.0740232384924, 2377.662630505037, 2089.671024040984, 2283.2050604174656, 2580.5213626064733] adv labels  [0, 1, 2, 3, 4, 5, 6, 7, 8]
img 9 Failed
172.90786623954773 seconds
concrete  [0.9937193791122616, -0.0023129239391166626, -0.005819472373919761, -0.007961484939514643, 0.000531853855656756, 0.004661610805718931, 0.012978720835353012, 0.005178650331933344, 0.00039489085825774456, -1.2060333529975709e-06]
nlb  [-3906.5623642435326, -2804.146619465552, -2903.860106561534, -3771.3930143178454, -3798.927179447491, -3364.4336828131204, -2822.9720964313146, -3212.2700923608995, -3403.2633921644087, -3140.088760400534]  nub  [2771.130332011317, 3566.8676763218796, 2905.639531093317, 3193.773067804257, 2614.7437013123035, 3352.2967540126974, 3411.09187308615, 2996.8240143502617, 3276.788016506915, 3703.0542775229997] adv labels  [1, 2, 3, 4, 5, 6, 7, 8, 9]
img 10 Failed
167.67664742469788 seconds
concrete  [-0.0020012519594772536, 0.0011039934326692357, -0.008413319044090865, -0.0019811849289040322, 0.002720218515717526, 0.003855847520487213, 1.0066073265254647, 0.011862081046958208, -0.002452985020913341, -0.0013559595298948419]
nlb  [-6373.077405116216, -4572.485806718975, -4738.6168941444885, -6157.788738160702, -6198.05453501013, -5483.402213069078, -4600.6934411451275, -5237.3451559365, -5551.604462821566, -5121.0088093712075]  nub  [4521.3425469828135, 5817.436327681194, 4737.003138670454, 5206.939873906725, 4262.95285580751, 5466.220029838318, 5564.247212785923, 4888.264472152467, 5344.000516513301, 6039.65181695662] adv labels  [0, 1, 2, 3, 4, 5, 7, 8, 9]
img 11 SAT
128.30589318275452 seconds
concrete  [0.003310060449132184, 0.0003978413884465357, -0.010728601453293718, 0.0013330121901557988, 0.011571834215007983, 0.009827072995765934, -0.008430115220560003, 0.01723914845271898, 0.07121988992981572, 0.9078645118424962]
nlb  [-9537.033550244556, -6841.277394254637, -7091.455102242145, -9215.525899604965, -9270.703730146091, -8207.175980156699, -6884.537663697921, -7836.056056086074, -8306.989698049843, -7662.161314488128]  nub  [6765.012095981018, 8706.31293331511, 7088.441900929206, 7792.129923434529, 6381.393205486127, 8180.349830324674, 8326.112810428996, 7317.559446705079, 7996.577089862593, 9038.08436038735] adv labels  [0, 1, 2, 3, 4, 5, 6, 7, 8]
img 12 SAT
128.53041577339172 seconds
concrete  [0.9789070482261757, -0.003339630798169109, -0.003681548264358317, -0.006496064467243962, 0.0022361470153754856, 0.005823260767672115, 0.01999852696770331, 0.005873036876003933, 0.00508358118873675, -0.002020565301206368]
nlb  [-5300.607411614008, -3803.435122576325, -3940.394830108795, -5120.913080708787, -5154.200096886546, -4562.923841950802, -3826.863616396061, -4356.452041143351, -4617.166358172876, -4260.027782853917]  nub  [3759.9296356890236, 4838.522251893475, 3940.3361376141333, 4330.886155540395, 3546.275537491268, 4546.473994754699, 4628.509242014594, 4066.7250381713948, 4443.61982726059, 5022.44022310801] adv labels  [1, 2, 3, 4, 5, 6, 7, 8, 9]
img 13 Failed
167.70938372612 seconds
concrete  [-0.0033077906471713236, 0.9995144437480243, -0.006583578515348409, -0.004274380482260191, -0.005197455890497294, -0.010101440457857644, -0.00553169169012574, 0.017250539842719004, 0.009604778251019103, -0.0036197147237342474]
nlb  [-7549.896074785615, -5416.4383256579085, -5614.3789021258635, -7295.500494060959, -7339.707044522818, -6497.015794348197, -5450.198320245197, -6203.543574172531, -6576.082609256529, -6066.159303830498]  nub  [5356.067821510877, 6892.814547435249, 5611.8633053677095, 6169.491236147921, 5051.898865374154, 6475.709843415517, 6591.404228989822, 5792.899586765212, 6330.397089679027, 7154.398298768945] adv labels  [0, 2, 3, 4, 5, 6, 7, 8, 9]
img 14 Failed
171.85072016716003 seconds
concrete  [-0.0008301969481140613, -0.010909105961166949, 0.001966832568729591, -0.013337240146730222, -0.007913582163981438, 0.9773052977906791, 0.024116520147231188, 0.003410526396948586, 0.03827035365438727, 0.0012471153093208433]
nlb  [-5690.632442613529, -4081.9961796663847, -4232.359758701517, -5498.465654029642, -5532.829866822904, -4898.190770495834, -4107.831205625608, -4675.425004494969, -4957.8586422671815, -4573.544789244403]  nub  [4037.7353047979227, 5195.643493634925, 4231.831162670082, 4650.696221133902, 3808.1178687473653, 4882.761488303705, 4969.396174476039, 4366.981468152882, 4772.1326939841765, 5392.8074502617355] adv labels  [0, 1, 2, 3, 4, 6, 7, 8, 9]
img 15 Failed
170.5099220275879 seconds
concrete  [0.003611328974203517, -0.00016421969124751946, -0.011853485998932538, 2.7274887065754927e-05, 0.012703016935933575, 0.01147272187486393, -0.011155832661650246, 0.018675455317567324, 0.07660404750731335, 0.90451824891804]
nlb  [-8546.568532197045, -6130.85932831425, -6356.117615547814, -8257.390727093562, -8309.279078722422, -7355.903430832933, -6169.82508737533, -7021.681627005089, -7444.9193542375315, -6868.072304001987]  nub  [6063.486130396272, 7802.493962679184, 6354.31518204044, 6983.768111636346, 5719.46200316524, 7331.475257198102, 7461.882014904293, 6557.822811559647, 7167.090095404151, 8099.316616619238] adv labels  [0, 1, 2, 3, 4, 5, 6, 7, 8]
img 16 SAT
130.49902081489563 seconds
concrete  [0.025658690203850344, 0.005217030416873122, 0.06076917888072497, 0.002456630060909397, 0.009351163733920509, 0.002686296966009965, 0.010172071956538794, 0.8639008550618967, 0.011208453843043824, 0.01072106290588479]
nlb  [-3358.3712197908653, -2409.068585447675, -2496.922009011607, -3243.337531269761, -3264.805747394477, -2890.331625180965, -2424.967655813904, -2760.9830296005257, -2924.550587393165, -2698.1949984043936]  nub  [2381.878818589789, 3066.1321610886225, 2497.1858867605347, 2745.1278327917635, 2247.0618972395623, 2880.028588261671, 2931.0309572533506, 2576.4958607042604, 2816.019231260254, 3182.1053104682546] adv labels  [0, 1, 2, 3, 4, 5, 6, 8, 9]
img 17 SAT
130.42719841003418 seconds
concrete  [0.017868456430337534, -0.003980115438688096, 0.006731633528935521, 0.9177600742461695, -0.00481983767402527, 0.01953553888214496, 0.020551265184709837, 0.010273365687583323, 0.05372734500732933, -0.010656924637341057]
nlb  [-9667.573264609638, -6935.45602799151, -7188.832348114629, -9342.142651017162, -9397.521314725458, -8319.794562368757, -6978.824505189451, -7943.0011791189945, -8420.81808211499, -7766.6035787839455]  nub  [6857.955391609774, 8825.488183718962, 7185.392471893608, 7899.275889187603, 6468.604264850918, 8292.961323785774, 8440.87489655358, 7418.151500746715, 8106.460371103858, 9162.215956382875] adv labels  [0, 1, 2, 4, 5, 6, 7, 8, 9]
img 18 SAT
128.5248818397522 seconds
concrete  [-0.00041979535732957537, -0.0030540622396653555, -0.01256544498194907, -0.011088533952476986, 0.997842386081757, 0.001985505320025654, 0.029881406792301824, 0.0011659499039755258, -0.004654278409726584, -0.0022234169314852767]
nlb  [-11537.441887301478, -8277.07529327429, -8580.878695612013, -11147.321638542668, -11218.660383997689, -9929.317705476618, -8329.12900788804, -9479.810535519899, -10051.09431063346, -9272.291335291575]  nub  [8186.606915834377, 10533.443182142864, 8578.415586625419, 9427.895714604529, 7720.197784848534, 9897.169229359291, 10073.697562907186, 8851.968804465037, 9674.95455826088, 10934.035704385402] adv labels  [0, 1, 2, 3, 5, 6, 7, 8, 9]
img 19 Failed
166.92714738845825 seconds
concrete  [0.003160980478486482, 0.0006759721664359661, -0.010171962637460548, 0.001979144336782878, 0.01101207880481177, 0.009012738718625724, -0.0070813189066746066, 0.0165284051541978, 0.06855558886014665, 0.9095203794059338]
nlb  [-8550.356318312668, -6133.632544890115, -6357.574789260357, -8261.991018345336, -8311.389231029438, -7357.804446141047, -6172.011122331292, -7025.305757331961, -7447.285699616175, -6869.3188875098085]  nub  [6065.112246184335, 7805.363897647684, 6355.022257218185, 6985.759183928538, 5720.842522163129, 7334.142464151061, 7464.830566301843, 6560.342615541755, 7169.290958190724, 8102.898834477265] adv labels  [0, 1, 2, 3, 4, 5, 6, 7, 8]
img 20 Failed
163.7823131084442 seconds
concrete  [-0.008097855034098954, 0.005204183699472925, -0.01391095395663084, -0.002379181819584915, 0.005392427771004717, 0.008267164240565839, 1.010337352036486, 0.014129663067395883, -0.004198662066756722, -0.007400439761336079]
nlb  [-7735.485522414392, -5549.511614985352, -5751.228561538175, -7473.530413583932, -7522.236425595173, -6655.524805542014, -5584.00614890788, -6356.030120969272, -6737.832416108531, -6215.568251905849]  nub  [5487.4957918480195, 7060.897819508268, 5749.309005248491, 6320.142850657567, 5173.897698620249, 6634.368965214958, 6753.008333643108, 5933.793434567053, 6485.764111946594, 7330.356137791941] adv labels  [0, 1, 2, 3, 4, 5, 7, 8, 9]
img 21 Failed
162.68449354171753 seconds
concrete  [-0.017221959503179333, 0.013970077074720165, -0.02461972760161607, -0.005185729130692009, 0.0093030595246766, 0.018311368453836414, 1.0189341571193578, 0.015604423304978049, -0.006686272449806562, -0.017488225047368508]
nlb  [-8274.439278211408, -5935.702439792403, -6153.213546323858, -7995.932740327531, -8045.248081684067, -7120.509625390539, -5973.647961127174, -6799.328625563545, -7208.034376418151, -6647.687142848773]  nub  [5869.944708951794, 7554.430937250253, 6150.371304618445, 6760.3159140146745, 5536.107471327105, 7097.686396461098, 7224.284554362038, 6348.281048032613, 6937.587700789129, 7841.042473577781] adv labels  [0, 1, 2, 3, 4, 5, 7, 8, 9]
img 22 Failed
166.44951057434082 seconds
concrete  [-0.009179344992727132, -0.007994002678607014, 0.002269209345197845, -0.024070734023457725, -0.006515586162200559, 1.0442883370611382, 0.010149413895194706, 0.0016916627330382352, 0.00786124744141345, -0.007457469806394959]
nlb  [-7315.128690408485, -5246.793182928895, -5438.506426141123, -7066.326666762229, -7110.101447470405, -6295.190659752604, -5279.625282797905, -6008.414853216492, -6373.041223945492, -5877.9448957413115]  nub  [5187.723630659996, 6676.82971178198, 5439.333967865591, 5977.046378274166, 4895.151267535119, 6274.4921253338625, 6386.359278348615, 5612.97181850204, 6132.452620228563, 6930.772805190225] adv labels  [0, 1, 2, 3, 4, 6, 7, 8, 9]
img 23 Failed
161.1803216934204 seconds
concrete  [-0.0033994754130131167, -0.0034518125494932125, -0.006049164132533995, -0.0069507778405054526, 0.9573870384517541, -0.0012469646494736933, 0.02540482413283228, 0.01656593398353409, 0.009491966159875992, 0.016880466070933898]
nlb  [-21240.446125917173, -15237.416978032299, -15794.162684988403, -20524.0871189125, -20649.33337892091, -18276.60211979272, -15332.909418359171, -17452.617769756023, -18501.10024779222, -17064.547719339196]  nub  [15066.948883618446, 19389.66176724106, 15785.57004965099, 17353.780034852323, 14209.964356892937, 18218.101031346076, 18542.52375987928, 16295.761105727666, 17808.616218557076, 20128.634969241728] adv labels  [0, 1, 2, 3, 5, 6, 7, 8, 9]
img 24 SAT
130.28769707679749 seconds
analysis precision  10 /  25
