netname  mnist-net_256x4.onnx  epsilon  0.05  domain  deeppoly  dataset  mnist args complete  True  complete  True  timeout_lp  1
This network has 1024 neurons.
concrete  [0.00038038234000815907, -0.003345306464897839, 0.03295458977714934, -0.001972070283824595, -0.002295718552062778, 0.012868626090631748, -0.0021147039888578453, 0.9765794433407741, -0.011674689055641665, 0.0027122083925283274]
nlb  [-113.72599537939531, -94.99587682396172, -125.06500910231955, -132.88656629551747, -121.6052238061802, -109.82092395950802, -104.52955997392498, -113.99773400040407, -137.36737792125436, -103.81126828943108]  nub  [90.76441423563554, 80.07461693954684, 81.61180867486934, 70.5513077761883, 93.37369123608981, 85.51548833585097, 100.70685308098746, 96.2480399148291, 93.82516062246931, 102.18696019604397] adv labels  [0, 1, 2, 3, 4, 5, 6, 8, 9]
Using license file /home/gagandeep/gurobi.lic
Academic license - for non-commercial use only
img 0 Failed
167.57635021209717 seconds
concrete  [-0.004155126636388801, -0.008264870071391007, 0.9665451730798071, -0.00045055670248989044, -0.0006587582986866793, 0.01660456030090433, 0.0038303425009905117, -0.0076614484078756755, 0.010650884140905844, 0.01688123327036305]
nlb  [-1.6109461145562087, -1.1865521868359088, -2.042107726251141, -1.1598237812942571, -1.5535170510485858, -1.3367963603096442, -1.4705508001916603, -1.4950834403092823, -1.8296036198258647, -1.3241195862809791]  nub  [1.855745262276744, 1.1071215614032295, 2.9020098246973847, 1.2436514985185945, 1.3103427599085686, 1.6861825730310775, 1.4115874243572402, 1.453495950801414, 1.8826220467052948, 1.4780918302454182] adv labels  [0, 1, 3, 4, 5, 6, 7, 8, 9]
img 1 UNSAT 2
810.7063219547272 seconds
concrete  [0.0009968651758477803, 0.9937682485618347, -0.007507270430872665, 0.0039352278425677616, 0.004127205620806353, 0.005724592660979674, -0.0014664476598772493, -0.007750771623102268, 0.008057547967985608, -0.0035033464049101758]
nlb  [-361.8748957665226, -303.77973247137567, -398.21874269035237, -424.3789371205995, -388.6250485024312, -347.7039876240381, -332.9372854324801, -362.4179099613534, -437.15991280123365, -329.3987227099622]  nub  [286.6466997850075, 254.48962805370113, 257.50381784646163, 223.09004411066667, 297.15232888538304, 269.3128048680637, 320.23818378152987, 303.7882215433852, 298.2051676516617, 324.7783890343555] adv labels  [0, 2, 3, 4, 5, 6, 7, 8, 9]
img 2 SAT
129.36390280723572 seconds
concrete  [0.9982614484326741, -0.0016971627882720946, -0.0010599875860637757, -0.000790675008192597, 0.000322728991972724, -0.0023737553671069125, 0.0021433050872537284, 0.002407774675153445, 0.001702088500033755, -0.003837502009664935]
nlb  [-3.2921514327212713, -2.0800540588563305, -2.7637354097925773, -2.677752591079463, -3.0165220958492456, -3.0135801266138422, -2.86517421461237, -2.685242391937925, -3.110828002529382, -2.5425652743392395]  nub  [2.87483579008016, 1.9869243893091983, 2.4577888509737633, 2.0532778889126577, 2.465204166487487, 2.7839416927684515, 2.5141683217562143, 2.815141651093329, 2.4322392214374116, 2.5939481505918422] adv labels  [1, 2, 3, 4, 5, 6, 7, 8, 9]
img 3 Failed
250.1006634235382 seconds
concrete  [-0.004198563809288028, 0.002995336766342404, 0.008274226875294107, 0.0038475835190072, 1.0116774737190168, 0.0045131166613271625, -0.011616129237293205, -0.010285117200490346, -0.0028283176128428913, -0.004011795865994046]
nlb  [-194.52187714673912, -162.91045962250885, -213.77414573826985, -227.4499196697511, -209.15109355792754, -186.5977366519635, -178.69271310442167, -194.82997408969766, -234.67507026815926, -178.01048103220612]  nub  [154.22441373855264, 136.94904713205167, 138.65084013741932, 119.55794648091661, 159.95546711489624, 144.95219011948015, 172.05691477472368, 163.69691179728534, 160.05003523235493, 174.47942775021585] adv labels  [0, 1, 2, 3, 5, 6, 7, 8, 9]
img 4 Failed
159.32756996154785 seconds
concrete  [-0.0005170553104911074, 0.9969742249999803, -0.00826453313091145, 0.0020412002061136903, 0.0016585419446503644, 0.002137073793313144, 0.001850924168569048, -0.006216205325649912, 0.008259605023466787, -0.0013120146993984665]
nlb  [-243.54738821464167, -205.16232680166672, -268.53545568345254, -285.66294190331683, -262.1145552031071, -233.97607014542328, -224.2565711544935, -244.5063332248553, -295.0009088316016, -222.3053857719837]  nub  [193.2335342789418, 171.5234902796326, 173.78817733687552, 150.37177882997605, 200.52030016073832, 181.63606962153557, 216.216031863303, 205.07748723352267, 201.58087844524528, 219.5838139780141] adv labels  [0, 2, 3, 4, 5, 6, 7, 8, 9]
img 5 Failed
161.80357766151428 seconds
concrete  [-0.003745124509962186, 0.0004846618649945282, 0.013883348498637735, 0.0014838854611226582, 1.0025072117551102, 0.0027291380589294662, -0.00929454486633473, -0.00998897623712395, -0.004432336487826061, 0.004018362235309207]
nlb  [-110.0900470551712, -92.47011924674828, -121.20699262509103, -128.7210314229423, -118.79337829675121, -106.15143824754028, -101.31082214982303, -110.20751048433479, -133.66886691083297, -100.78223238208582]  nub  [87.92523683568344, 77.86533433893557, 78.71317155038503, 67.98548073746916, 91.33073364662648, 82.29321722273954, 97.8318007152204, 93.07645551684988, 92.31660199496558, 99.55674767930452] adv labels  [0, 1, 2, 3, 5, 6, 7, 8, 9]
img 6 SAT
130.30865859985352 seconds
concrete  [0.002852231686056466, 0.0028851128723803385, 0.023937098397037147, -0.007629898674977015, 0.00351830664359319, -0.005805053056973607, -0.007292141189851265, -0.0014169501697305024, -0.0104215582438987, 1.0008649642617415]
nlb  [-215.84777507949428, -180.66553694355872, -237.66158999784696, -253.12592712191488, -232.33373002234245, -207.51351636633083, -198.56794172816436, -216.13938472942678, -260.3635827759744, -196.73262167296588]  nub  [171.42075266856529, 152.09238226744435, 153.52317282935925, 133.2465604689095, 177.18255370628444, 161.03910842004555, 191.3646340483529, 181.2848013665076, 177.9346645683303, 193.51761901025495] adv labels  [0, 1, 2, 3, 4, 5, 6, 7, 8]
img 7 SAT
128.17668223381042 seconds
concrete  [-0.00242282565742704, -0.0036217379365997755, 0.011837921396534466, 0.00319384252649258, -0.002755051899401279, 0.9947407998553444, 0.0031098917826356065, -0.011775937430100207, -2.7633098676389106e-05, -0.004007375495848587]
nlb  [-36.07684370268038, -29.021495851411604, -38.8010267234935, -41.88037445206973, -38.40114177773193, -34.72623766850714, -33.095429310295636, -34.7622158885037, -43.119292846611195, -32.12582126865645]  nub  [29.13719861086504, 25.219431120928004, 25.275161666825934, 20.737881329080423, 29.776665910923825, 26.864932868749815, 31.396507791730144, 29.92598939533518, 29.56479135372834, 31.55879174655482] adv labels  [0, 1, 2, 3, 4, 6, 7, 8, 9]
img 8 SAT
138.8490183353424 seconds
concrete  [-0.0010411950580364072, -0.0034494630076030153, 0.0036906268181743055, -0.0035969152651174788, 0.007225974062172143, -0.0030013458814117542, -0.006179996760339848, 0.002119161164714365, -0.00102366424370546, 1.011539881111688]
nlb  [-45.96236246708776, -38.0426155019856, -50.24126989280902, -53.77022100174575, -50.04333074693943, -44.50456294317144, -43.15260390746875, -46.322784618046704, -56.46525528067231, -43.27680308756707]  nub  [37.04281144069226, 32.68304107244452, 33.687489496849935, 28.578226850036632, 38.201766834607454, 35.15429010500284, 41.03718219614243, 39.47871077642466, 38.6674682832076, 41.91414867561214] adv labels  [0, 1, 2, 3, 4, 5, 6, 7, 8]
img 9 Failed
159.43659853935242 seconds
concrete  [0.9905344728495835, -0.003622518977547075, 0.009143411071554908, -0.005434816972756161, 0.002297576747104896, 0.010459441983282705, -0.0011138976784901286, -0.006019597995006381, -0.002729783039918882, 0.0013014710409980732]
nlb  [-18.13803091404567, -13.670092770950687, -18.898168072022987, -19.71439679437133, -18.034859943631204, -17.020607793325876, -16.09913013112716, -17.05295971254936, -20.56409011772824, -15.551864808573042]  nub  [13.898324124705178, 12.15868153012107, 12.353969810948513, 10.745078518138136, 14.40607526976899, 13.745023757694153, 15.371738089246792, 14.826405079980276, 13.587452870409052, 15.24338140564787] adv labels  [1, 2, 3, 4, 5, 6, 7, 8, 9]
img 10 Failed
161.68057370185852 seconds
concrete  [0.007759989375572636, 0.003112485341080512, -0.008177136233269738, -0.001782229284856952, 0.012689092961812004, -0.0024139787931577597, 0.9946803589420563, 0.009586617819913802, 0.003991739928027989, -0.015296165812957563]
nlb  [-5.292424233138822, -3.8345893262506596, -5.3193734606179035, -5.742889941043666, -5.55550763478008, -4.815263087966524, -6.266702141880041, -4.7450775387081485, -6.698129079442589, -4.776724863561997]  nub  [4.455504656325538, 4.107971520055919, 4.432849744966365, 3.4557514125856956, 4.767066106020405, 4.270038543625917, 4.984884379098507, 4.555318199747169, 5.703060593381724, 4.617002376257803] adv labels  [0, 1, 2, 3, 4, 5, 7, 8, 9]
img 11 Failed
161.26200413703918 seconds
concrete  [-0.0026438911113557412, 0.002616520119658067, 0.008783784078332, -0.0035457853116912345, 0.00430808696108966, 9.827335615806751e-05, -0.004823158650918164, -0.0013771315966725846, -0.0010059742702514531, 1.0019981532218203]
nlb  [-120.94311255777419, -100.91952571806249, -132.81579637181775, -141.59085624804808, -130.05943680438187, -116.50219730828054, -111.1281205702807, -120.99354447864015, -145.6077007278123, -110.33086708025593]  nub  [96.22593991297921, 85.38639015246038, 86.4658356155395, 75.06393130558125, 99.33938329099756, 90.91961115633285, 107.12406836446422, 101.87869761559162, 99.7550409153623, 108.72738866502726] adv labels  [0, 1, 2, 3, 4, 5, 6, 7, 8]
img 12 Failed
159.09540557861328 seconds
concrete  [0.9952110618613556, -0.002457237749246708, 0.0029680192210401607, -0.0026240479924430817, 0.0011023417923337773, 0.0026924199357349493, 0.000857455601922171, -0.000919108417476968, -4.748625737384729e-05, -0.0018087840183181863]
nlb  [-1.7306387427773673, -1.1790634961960098, -1.407719737044076, -1.2635348177824266, -1.5370633347276978, -1.546305392596158, -1.4051660367158252, -1.4957896588986468, -1.6512606241388532, -1.478330406000653]  nub  [2.053209951101687, 1.1196025812142116, 1.4549921073251615, 1.1785492866322491, 1.3413338052397668, 1.5272282849372514, 1.6684793529360653, 1.8321086490106888, 1.6093215737685964, 1.5141375800816188] adv labels  [1, 2, 3, 4, 5, 6, 7, 8, 9]
img 13 Failed
155.64676570892334 seconds
concrete  [0.0005796124113772033, 0.9946518501404698, -0.0077159801734752445, 0.003413213460417081, 0.0034468153673362333, 0.00473583388623185, -0.0005521443138956847, -0.007327828651090489, 0.008113237065096437, -0.0028993918245629954]
nlb  [-149.65030788704988, -127.07399663214596, -165.17702875316718, -175.63032787940267, -161.4302705312097, -144.4342822048403, -138.42957375691384, -150.46876159757775, -181.82809681314782, -137.1897854837925]  nub  [119.03536534659065, 106.05195142027863, 107.32862931969784, 93.51221498226657, 123.26127018117417, 112.19182239213087, 133.66473088315635, 126.53042598972756, 124.74317721602222, 135.56420017196132] adv labels  [0, 2, 3, 4, 5, 6, 7, 8, 9]
img 14 SAT
129.80493593215942 seconds
concrete  [-0.003661877048568487, -0.00397107243935103, 0.009260445770959875, 0.0028527542512970937, -0.0008288073972248511, 0.9952759699220161, 0.003595663809757698, -0.009963126400139955, -0.0014385479393490812, -0.0038856494380323826]
nlb  [-123.35454055140066, -103.23322821071224, -135.99069571838544, -145.01315024288976, -132.36183381161834, -119.35432055358967, -113.4910112667654, -123.36010070265492, -149.68827392282412, -112.81911025296698]  nub  [98.55676274925503, 87.12818121661923, 87.9214352477991, 76.71855965206488, 101.49037049624286, 92.69996406418502, 109.77359515449658, 103.99472819429683, 102.39137930563655, 111.01004668619878] adv labels  [0, 1, 2, 3, 4, 6, 7, 8, 9]
img 15 Failed
163.45168161392212 seconds
concrete  [-0.0034646218499809756, 0.0021951039837121216, 0.007542127889917179, -0.0045173216685600506, 0.004670718690522014, 0.0006979848334829248, -0.005288710112831828, 0.0011516484942271355, -9.079999115302392e-06, 1.0025946958091028]
nlb  [-177.9757800715057, -149.1155913635807, -196.14275290183468, -208.63678766095123, -191.6101543136499, -171.2478584165532, -164.07053856981886, -178.6283821192476, -215.16397666009118, -162.58910457719836]  nub  [141.59130273524542, 125.58871154167663, 127.10341391187812, 110.1520378375743, 146.25374736982133, 133.25186555670035, 157.89387839683567, 149.84311506600153, 146.55932660783384, 160.20602668999098] adv labels  [0, 1, 2, 3, 4, 5, 6, 7, 8]
img 16 Failed
156.61759972572327 seconds
concrete  [-0.0005971005737504809, -0.005825814389910243, 0.03141567090383582, 0.0009014756574026311, -0.004818806560345716, 0.01191295409948223, 0.0015321926245162546, 0.9791313663499703, -0.008938624578254367, 0.0009048827970160288]
nlb  [-12.277345254082533, -10.13440055870551, -13.158826044456541, -13.37464492585061, -12.64860785259369, -12.03213935544396, -11.319932407553333, -12.585459415618466, -14.516375312374104, -11.583655872147393]  nub  [9.877731384443937, 8.983462902904877, 9.785938265643003, 7.797798037485844, 10.169857931306712, 9.555200745393028, 10.844360002946718, 11.11169777829725, 10.098965128409562, 11.069648236991483] adv labels  [0, 1, 2, 3, 4, 5, 6, 8, 9]
img 17 Failed
159.76834654808044 seconds
concrete  [-0.010490891252258907, 0.006466109173381323, 0.020873819857486618, 0.993536765808019, 0.011369608351899513, 0.0010165671199631656, -0.011051001639852202, -0.033813130779353655, 0.022693287412609602, -0.013904871519095818]
nlb  [-84.05352535493829, -70.6436070737961, -92.46012701667134, -98.3151060123403, -90.61601482807743, -80.77485851981298, -77.79828660732255, -83.88137896554784, -102.82250957850043, -77.16059569731816]  nub  [67.03287267877509, 59.63843591787237, 60.07161470192232, 52.757104021210466, 69.2716972371519, 62.919507761505585, 74.8338382429059, 70.81256062662015, 70.7730261734236, 75.83103359669586] adv labels  [0, 1, 2, 4, 5, 6, 7, 8, 9]
img 18 SAT
adversarial image  [0.05, 0.0, 0.0, 0.0, 0.0, 0.0, 0.05, 0.05, 0.0, 0.05, 0.0, 0.0, 0.0, 0.0, 0.05, 0.0, 0.0, 0.0, 0.05, 0.0, 0.05, 0.0, 0.05, 0.05, 0.0, 0.0, 0.05, 0.0, 0.0, 0.0, 0.0, 0.0, 0.0, 0.0, 0.05, 0.0, 0.0, 0.0, 0.0, 0.0, 0.0, 0.0, 0.0, 0.0, 0.0, 0.0, 0.05, 0.05, 0.05, 0.05, 0.05, 0.0, 0.0, 0.0, 0.0, 0.0, 0.0, 0.05, 0.0, 0.05, 0.0, 0.0, 0.05, 0.05, 0.0, 0.0, 0.0, 0.0, 0.0, 0.0, 0.0, 0.0, 0.05, 0.05, 0.05, 0.05, 0.0, 0.05, 0.05, 0.0, 0.0, 0.05, 0.05, 0.0, 0.05, 0.0, 0.0, 0.05, 0.0, 0.0, 0.0, 0.0, 0.0, 0.0, 0.05, 0.0, 0.0, 0.0, 0.0, 0.0, 0.0, 0.05, 0.05, 0.05, 0.05, 0.05, 0.05, 0.05, 0.05, 0.05, 0.05, 0.05, 0.05, 0.0, 0.0, 0.0, 0.05, 0.05, 0.0, 0.1107843137254902, 0.5225490196078433, 0.5225490196078433, 0.1382352941176471, 0.0, 0.0, 0.0, 0.0, 0.0, 0.0, 0.0, 0.0, 0.05, 0.05, 0.05, 0.05, 0.05, 0.0, 0.0, 0.0, 0.0041216229810113894, 0.0, 0.05, 0.0, 0.0, 0.0, 0.0, 0.45588235294117657, 0.9421568627450981, 0.9421568627450981, 0.9421568627450981, 0.9303921568627452, 0.5892156862745099, 0.020588235294117657, 0.0, 0.0, 0.0, 0.05, 0.0, 0.0, 0.0, 0.05, 0.0, 0.0, 0.0, 0.0, 0.0, 0.0, 0.0, 0.05, 0.05, 0.05, 0.05, 0.0, 0.47156862745098044, 1.0, 1.0, 0.9421568627450981, 0.9421568627450981, 0.9421568627450981, 0.9421568627450981, 0.8480392156862746, 0.3245098039215687, 0.0, 0.05, 0.0, 0.05, 0.05, 0.05, 0.05, 0.05, 0.0, 0.0, 0.0, 0.0, 0.0, 0.0, 0.05, 0.0, 0.05, 0.0, 0.0, 0.34607843137254907, 0.9421568627450981, 0.9382352941176472, 0.5186274509803923, 0.35000000000000003, 0.3696078431372549, 0.9794117647058824, 0.9421568627450981, 1.0, 0.5172386278622536, 0.0, 0.0, 0.0, 0.05, 0.05, 0.05, 0.05, 0.05, 0.0, 0.0, 0.0, 0.0, 0.0, 0.05, 0.05, 0.05, 0.05, 0.05, 0.6598039215686275, 0.9421568627450981, 0.6049019607843138, 0.0, 0.0, 0.0, 0.28921568627450983, 0.9715686274509805, 1.0, 1.0, 0.5892156862745099, 0.0, 0.0, 0.05, 0.0, 0.0, 0.05, 0.0, 0.0, 0.0, 0.0, 0.05, 0.0, 0.05, 0.0, 0.05, 0.0, 0.0, 0.9500000000000001, 0.9421568627450981, 0.11862745098039217, 0.0, 0.0, 0.05, 0.05, 0.27745098039215693, 0.8068627450980393, 0.9421568627450981, 0.985544605490073, 0.5931372549019609, 0.0, 0.0, 0.0, 0.0, 0.0, 0.0, 0.0, 0.0, 0.0, 0.05, 0.05, 0.02250338877822242, 0.0, 0.0, 0.0, 0.0, 0.6833333333333335, 0.9421568627450981, 0.0754901960784314, 0.0, 0.05, 0.0, 0.05, 0.05, 0.16568627450980394, 0.9754901960784315, 0.9421568627450981, 0.9421568627450981, 0.28725490196078435, 0.0, 0.0, 0.0, 0.0, 0.0, 0.0, 0.0, 0.0, 0.0, 0.05, 0.05, 0.0, 0.0, 0.0, 0.0, 0.5225490196078433, 1.0, 0.1532379379105939, 0.05, 0.44215686274509813, 0.7950980392156863, 0.2911764705882353, 0.2911764705882353, 0.2911764705882353, 0.5264705882352942, 0.9421568627450981, 0.9421568627450981, 0.4323529411764706, 0.0, 0.0, 0.05, 0.05, 0.0, 0.0, 0.05, 0.0, 0.0, 0.0, 0.0, 0.0, 0.05, 0.0, 0.0, 0.3186274509803922, 1.0, 0.2558823529411765, 0.20686274509803926, 1.0, 0.9421568627450981, 0.9421568627450981, 0.9421568627450981, 1.0, 0.9421568627450981, 0.9421568627450981, 0.9421568627450981, 0.9245098039215687, 0.37941176470588245, 0.10882352941176472, 0.0, 0.05, 0.05, 0.05, 0.05, 0.0, 0.0, 0.0, 0.05, 0.0, 0.05, 0.05, 0.05, 0.004901960784313729, 0.31078431372549026, 0.0, 0.08725490196078432, 0.9911764705882354, 1.0, 1.0, 1.0, 1.0, 1.0, 0.9421568627450981, 1.0, 1.0, 1.0, 1.0, 0.39901960784313734, 0.08921568627450982, 0.05, 0.05, 0.05, 0.0, 0.0, 0.0, 0.05, 0.0, 0.05, 0.0, 0.0, 0.05, 0.016561017959550846, 0.0, 0.05, 0.3441176470588236, 0.681372549019608, 0.7519607843137256, 0.9421568627450981, 0.9421568627450981, 0.9421568627450981, 1.0, 1.0, 1.0, 1.0, 1.0, 1.0, 0.869607843137255, 0.11862745098039217, 0.05, 0.05, 0.05, 0.0, 0.0, 0.05, 0.0, 0.043407957053057084, 0.05, 0.0, 0.05, 0.05, 0.0, 0.05, 0.05, 0.05, 0.06176470588235295, 0.1127450980392157, 0.05317761533512373, 0.10294117647058824, 0.09901960784313728, 0.1127450980392157, 0.1127450980392157, 0.5186274509803923, 1.0, 1.0, 0.9421568627450981, 0.7754901960784315, 0.2382352941176471, 0.0, 0.05, 0.0, 0.0, 0.0, 0.0, 0.0, 0.05, 0.05, 0.05, 0.0, 0.05, 0.05, 0.12843137254901962, 0.27745098039215693, 0.05, 0.05, 0.05, 0.05, 0.05, 0.0, 0.05, 0.04444610648521751, 0.1774509803921569, 0.869607843137255, 1.0, 0.9421568627450981, 0.7676470588235295, 0.05, 0.05, 0.05, 0.05, 0.05, 0.0, 0.0, 0.0, 0.05, 0.05, 0.0, 0.0, 0.35196078431372557, 0.9166666666666667, 1.0, 0.3598039215686275, 0.05, 0.05, 0.05, 0.05, 0.05, 0.05, 0.05, 0.0, 0.10098039215686276, 0.8088235294117648, 1.0, 0.8911764705882355, 0.23235294117647065, 0.0, 0.0, 0.05, 0.0, 0.05, 0.0, 0.0, 0.05, 0.0, 0.0, 0.0, 0.30294117647058827, 1.0, 1.0, 1.0, 0.2735294117647059, 0.05, 0.05, 0.05, 0.05, 0.05, 0.05, 0.05, 0.05, 0.15784313725490198, 0.9343137254901962, 0.9421568627450981, 0.7990196078431373, 0.0, 0.05, 0.05, 0.05, 0.0, 0.05, 0.0, 0.05, 0.0, 0.0, 0.0, 0.0, 0.5049019607843138, 1.0, 1.0, 0.2674595829459637, 0.05, 0.05, 0.05, 0.05, 0.05, 0.05, 0.05, 0.0, 0.3382352941176471, 0.9382352941176472, 0.9421568627450981, 0.6186274509803923, 0.05, 0.05, 0.05, 0.0, 0.0, 0.05, 0.0, 0.05, 0.0, 0.0, 0.0, 0.0, 0.004901960784313729, 0.6872549019607844, 0.9421568627450981, 0.8166666666666668, 0.569607843137255, 0.1990196078431373, 0.05, 0.05, 0.05, 0.05, 0.38529411764705884, 0.777450980392157, 0.9147058823529413, 0.9421568627450981, 0.9421568627450981, 0.5186274509803923, 0.05, 0.05, 0.05, 0.05, 0.05, 0.05, 0.05, 0.0, 0.0, 0.0, 0.0, 0.0, 0.05, 0.09705882352941178, 0.9166666666666667, 1.0, 0.9421568627450981, 1.0, 0.9264705882352943, 0.9264705882352943, 0.9264705882352943, 1.0, 1.0, 0.9421568627450981, 1.0, 0.9421568627450981, 0.7343137254901962, 0.024509803921568638, 0.05, 0.05, 0.0, 0.0, 0.0, 0.05, 0.05, 0.0, 0.0, 0.0, 0.0, 0.0, 0.05, 0.05, 0.05, 0.4225490196078432, 0.7676470588235295, 0.9441176470588236, 1.0, 1.0, 0.9421568627450981, 0.9421568627450981, 0.9421568627450981, 0.9421568627450981, 0.7147058823529413, 0.43627450980392163, 0.04019607843137256, 0.0, 0.05, 0.05, 0.0, 0.0, 0.0, 0.05, 0.05, 0.0, 0.05, 0.05, 0.0, 0.0, 0.05, 0.05, 0.05, 0.05, 0.05, 0.14411764705882354, 0.1950980392156863, 0.5911764705882354, 0.24019607843137258, 0.44411764705882356, 0.29509803921568634, 0.09509803921568628, 0.0, 0.0, 0.0, 0.0, 0.05, 0.0, 0.0, 0.0, 0.05, 0.0, 0.0, 0.0, 0.05, 0.05, 0.0, 0.0, 0.05, 0.05, 0.05, 0.05, 0.05, 0.05, 0.05, 0.05, 0.0, 0.05, 0.05, 0.0, 0.0, 0.0, 0.0, 0.0, 0.0, 0.0, 0.05, 0.0, 0.0, 0.05, 0.0, 0.0, 0.0, 0.0, 0.0, 0.0, 0.05, 0.05, 0.05, 0.05, 0.05, 0.05, 0.05, 0.0, 0.05, 0.05, 0.05, 0.05, 0.05, 0.05, 0.05, 0.0, 0.05, 0.0, 0.0, 0.0, 0.0, 0.05, 0.05, 0.05, 0.0, 0.0, 0.0, 0.0, 0.05, 0.05, 0.0, 0.0, 0.0, 0.022478306107154032, 0.0, 0.0, 0.05, 0.05, 0.05, 0.05, 0.0, 0.0, 0.0, 0.0, 0.0, 0.0, 0.05, 0.0, 0.0, 0.05, 0.0, 0.0, 0.05, 0.05, 0.05, 0.05, 0.0, 0.05, 0.021741720708608775, 0.05, 0.05, 0.0, 0.05, 0.0, 0.05, 0.05, 0.05, 0.0, 0.0, 0.0, 0.0, 0.0, 0.0, 0.05, 0.0] cex label 8 correct label  3
90.67141342163086 seconds
concrete  [-0.0036333307957779754, -0.0001343353695827526, 0.015266255848128497, 0.0009011248016599499, 1.000246318959727, 0.002289305000162633, -0.008722167174308864, -0.009915963822306566, -0.004827801168375131, 0.00599816681106502]
nlb  [-235.93254707775952, -197.38036804092397, -259.7052308934677, -276.4687911324052, -253.937158175769, -226.4804043669385, -217.21849893096018, -236.29222709044413, -284.8554579330425, -215.51297135951063]  nub  [186.88375613409926, 165.99605194421233, 167.74978504249512, 145.10874885001218, 194.12368540702488, 175.50585818569422, 208.84003680171156, 198.28180595205794, 194.27761334610304, 211.64466855890106] adv labels  [0, 1, 2, 3, 5, 6, 7, 8, 9]
img 19 SAT
127.05111479759216 seconds
concrete  [0.001037871153513492, 0.004634437548148802, 0.02250483712581882, -0.007251599187411743, 0.0013641087925392043, -0.001650161062958923, -0.0056370668598917355, -0.00219149177781946, -0.007707346402158796, 0.9957501168926929]
nlb  [-176.3576053807062, -147.71375588118823, -194.12642163999772, -206.46126683718953, -189.4749237187778, -170.1256642867553, -162.17586737245745, -176.59412652363736, -212.7790073939517, -160.68779685502443]  nub  [140.30164214994298, 124.08132677771182, 125.80333086314897, 108.94741135823399, 144.8699134609849, 132.1883851779214, 156.3603085293674, 148.53107105762533, 145.08026311816002, 158.58581895464744] adv labels  [0, 1, 2, 3, 4, 5, 6, 7, 8]
img 20 SAT
128.32832407951355 seconds
concrete  [0.007033201526635348, 0.0017047639416870215, 0.003177413006514994, -0.002796361533226427, 0.007768722057735333, -0.0016794650943224238, 0.9933332222755634, 0.0006799018199466524, 0.0012013332029480756, -0.009726880502370683]
nlb  [-148.40382802685428, -122.75906114863024, -162.02029024402873, -173.60593164169146, -159.6707628824701, -143.40593189831736, -137.96847179315452, -147.16918774241609, -180.0229716968758, -133.99889512663262]  nub  [117.8391516934605, 103.99995702115041, 105.35353526718205, 91.14570215189535, 119.9507590449626, 109.0013445404507, 128.02017499459282, 124.12834549863639, 121.47199546443062, 131.86937115959682] adv labels  [0, 1, 2, 3, 4, 5, 7, 8, 9]
img 21 Failed
157.26300835609436 seconds
concrete  [0.0076196449643122725, 0.0028406510894410887, -0.005984546565576322, -0.0019780605629192843, 0.011738957982636196, -0.0022721425024485953, 0.9944202237421866, 0.007866710401116951, 0.0034529059483722705, -0.014220723964007424]
nlb  [-13.896960108714971, -11.105703572154134, -14.834504280595125, -16.157911440538296, -15.355588102587003, -13.152705912791117, -14.003883873379726, -13.862079608225276, -16.93902218529752, -12.74356869222238]  nub  [10.801567769979542, 10.188107034297001, 10.239328975279182, 8.883550919749576, 11.615781662242194, 10.40297658398376, 12.45829529647826, 11.89453194288916, 11.908373734892074, 12.030256740234654] adv labels  [0, 1, 2, 3, 4, 5, 7, 8, 9]
img 22 Failed
157.8211691379547 seconds
concrete  [-0.007151673962668427, -0.004954975511012079, 0.0020009676342122966, 0.001892076737254422, 0.004596473723118982, 0.9967832801599463, 0.004963844123606167, -0.0048573314481066, -0.005412399461763685, -0.003542807144347463]
nlb  [-35.86470993360884, -28.9849648386133, -38.474651776938146, -41.55333773653802, -37.0910894209404, -34.40527370373958, -31.985492543270585, -34.71314673237105, -42.13635407367838, -32.18594112555226]  nub  [28.400895598627354, 25.362725310605644, 25.042862163254217, 21.257482076495837, 28.95198175982284, 26.53256479076166, 31.397045042819553, 29.76624866115021, 28.60774001765774, 31.36527279386575] adv labels  [0, 1, 2, 3, 4, 6, 7, 8, 9]
img 23 Failed
157.60469436645508 seconds
concrete  [-0.0039713767941661066, 0.0017374115321795933, 0.011084569077582991, 0.0026632981974159878, 1.0070828908353155, 0.0036192885914500825, -0.010452944166260674, -0.010136741482675375, -0.003631980332309186, 1.1559967337398946e-05]
nlb  [-393.84666500420343, -330.28996875904704, -433.4668558078142, -462.4418535518563, -423.7144002590058, -378.69395959900805, -362.35663402157, -394.55250645618935, -475.34871803494684, -359.30772090167505]  nub  [312.20664745137293, 276.80757241871913, 279.73538003570195, 242.27347497391474, 323.14605741438436, 293.0222874850678, 348.6807630221679, 330.7898591128071, 323.67581596682385, 352.9580117226972] adv labels  [0, 1, 2, 3, 5, 6, 7, 8, 9]
img 24 Failed
159.85757064819336 seconds
analysis precision  9 /  25
