netname  mnist-net_256x4.onnx  epsilon  0.02  domain  deeppoly  dataset  mnist args complete  True  complete  True  timeout_lp  1
This network has 1024 neurons.
concrete  [0.00038038234000815907, -0.003345306464897839, 0.03295458977714934, -0.001972070283824595, -0.002295718552062778, 0.012868626090631748, -0.0021147039888578453, 0.9765794433407741, -0.011674689055641665, 0.0027122083925283274]
nlb  [-0.02514401666470147, -0.026701995012298013, -0.016769268833955846, -0.01735927360021968, -0.02679130438817485, -0.013635356207700067, -0.07169560981354574, 0.8987797293960937, -0.06368373737765547, -0.053437285291140495]  nub  [0.020377918805013658, 0.007484315854217756, 0.0869556082996256, 0.03725551080551611, 0.03028142929434884, 0.03150829141255497, 0.03336783782438251, 0.9936600989496688, 0.06495911922763409, 0.03286015034850268] adv labels  []
img 0 UNSAT 7
0.24409723281860352 seconds
concrete  [-0.004155126636388801, -0.008264870071391007, 0.9665451730798071, -0.00045055670248989044, -0.0006587582986866793, 0.01660456030090433, 0.0038303425009905117, -0.0076614484078756755, 0.010650884140905844, 0.01688123327036305]
nlb  [-0.0042095362594313755, -0.01030222246466571, 0.9641002420006269, -0.018483809172211554, -0.0029147496044702216, 0.014324484911499992, 0.0014918430047055013, -0.015348691094642248, 0.00455219529003586, 0.005912163341866393]  nub  [-0.004034391585279084, -0.004913700757053896, 0.9705667542433176, 0.02921170619981789, 0.000712777680252759, 0.01861558762682752, 0.004939366487978575, -0.0019997213997362435, 0.014358598422346557, 0.023549908820535613] adv labels  []
img 1 UNSAT 2
0.2638099193572998 seconds
concrete  [0.0009968651758477803, 0.9937682485618347, -0.007507270430872665, 0.0039352278425677616, 0.004127205620806353, 0.005724592660979674, -0.0014664476598772493, -0.007750771623102268, 0.008057547967985608, -0.0035033464049101758]
nlb  [-0.7206532635937357, -0.3070492359270817, -0.5041824662809236, -0.42327906109402624, -0.6290190758206148, -0.6293087340239581, -0.5864871388213325, -0.5515990481934334, -0.707941375205009, -0.626803158922758]  nub  [0.7915827822155723, 1.127646902577857, 0.7676350964301801, 0.5734767461592488, 0.6318187586001823, 0.695974057253333, 0.7407124994577897, 0.8243277125148835, 0.751451201938452, 0.7361378450482697] adv labels  [0, 2, 3, 4, 5, 6, 7, 8, 9]
Using license file /home/gagandeep/gurobi.lic
Academic license - for non-commercial use only
img 2 UNSAT 1
394.7513678073883 seconds
concrete  [0.9982614484326741, -0.0016971627882720946, -0.0010599875860637757, -0.000790675008192597, 0.000322728991972724, -0.0023737553671069125, 0.0021433050872537284, 0.002407774675153445, 0.001702088500033755, -0.003837502009664935]
nlb  [0.9920499292401204, -0.0032449076715812936, -0.00865056825555545, -0.004523982643971672, -0.0011464129771203233, -0.011920713493936919, -0.00047507739317396037, -0.004366775926255709, -0.0018605803389348712, -0.007660521261223324]  nub  [1.0040097518620688, -0.0002648389163184715, 0.007142265146546891, 0.0026642261875437813, 0.0019102588866372052, 0.00794252566507089, 0.004566425184791091, 0.008677122196644828, 0.004999076059754354, 0.0002935877538639362] adv labels  []
img 3 UNSAT 0
0.21666789054870605 seconds
concrete  [-0.004198563809288028, 0.002995336766342404, 0.008274226875294107, 0.0038475835190072, 1.0116774737190168, 0.0045131166613271625, -0.011616129237293205, -0.010285117200490346, -0.0028283176128428913, -0.004011795865994046]
nlb  [-0.004667605955501849, -0.0010792519525171284, 0.0024720953695804987, 1.1524363646198826e-05, 0.9967950029032863, 0.0016178875402213756, -0.0140175993294823, -0.010591448374792168, -0.005431489058628733, -0.012318271718029593]  nub  [-0.0034626745658078834, 0.005592403994333275, 0.017377302576949392, 0.006292616430156734, 1.0211632844090839, 0.00635848196977714, -0.007848416626334844, -0.009804508329975623, -0.0011691044462627306, 0.009020393842314102] adv labels  []
img 4 UNSAT 4
0.24659967422485352 seconds
concrete  [-0.0005170553104911074, 0.9969742249999803, -0.00826453313091145, 0.0020412002061136903, 0.0016585419446503644, 0.002137073793313144, 0.001850924168569048, -0.006216205325649912, 0.008259605023466787, -0.0013120146993984665]
nlb  [-0.04043204862077644, 0.9050426467063624, -0.025273139895623003, -0.015592742550603065, -0.029859423039393686, -0.028467143157803635, -0.036468803156377495, -0.027024135060135155, -0.034254675214696564, -0.03451550725057952]  nub  [0.03621447398495919, 1.0310124170437922, 0.060463832670019785, 0.014176231735217969, 0.027235805119745788, 0.028240821915722015, 0.035535026609028984, 0.04759904982014173, 0.026966772215822485, 0.05091021369414243] adv labels  []
img 5 UNSAT 1
0.2697916030883789 seconds
concrete  [-0.003745124509962186, 0.0004846618649945282, 0.013883348498637735, 0.0014838854611226582, 1.0025072117551102, 0.0027291380589294662, -0.00929454486633473, -0.00998897623712395, -0.004432336487826061, 0.004018362235309207]
nlb  [-0.01397388403567357, -0.00845971818744042, 0.0001149291622655358, -0.00441153708923254, 0.9261420896558027, -0.015642939249064777, -0.014382013469927526, -0.01618472293266484, -0.016381442222277217, -0.0014595651227569013]  nub  [0.011896159912972996, 0.0056011383799640995, 0.037228473867453836, 0.006617434080347716, 1.008762882970947, 0.023469386220918636, 0.014756056467130733, 0.007203247297994098, 0.0004440580990722506, 0.04113900432221168] adv labels  []
img 6 UNSAT 4
0.21064114570617676 seconds
concrete  [0.002852231686056466, 0.0028851128723803385, 0.023937098397037147, -0.007629898674977015, 0.00351830664359319, -0.005805053056973607, -0.007292141189851265, -0.0014169501697305024, -0.0104215582438987, 1.0008649642617415]
nlb  [-0.967094028787981, -0.9054323751088645, -0.7845158406732325, -0.7931065983107214, -0.980592925777338, -0.8413035943548256, -0.9336807324383377, -0.8540135580679294, -1.1283176557041994, -1.152300561638086]  nub  [1.0094808372772235, 0.8799468984608688, 1.0396291148297514, 1.270242314377818, 1.2061968743056886, 1.3279260169508733, 1.026941585205207, 0.9892861755181132, 1.0635493594157168, 1.399520478977907] adv labels  [0, 1, 2, 3, 4, 5, 6, 7, 8]
img 7 UNSAT 9
810.884959936142 seconds
concrete  [-0.00242282565742704, -0.0036217379365997755, 0.011837921396534466, 0.00319384252649258, -0.002755051899401279, 0.9947407998553444, 0.0031098917826356065, -0.011775937430100207, -2.7633098676389106e-05, -0.004007375495848587]
nlb  [-0.13343936214501137, -0.033577575372525405, -0.0642925054700984, -0.0794398101415158, -0.042496815144159, 0.5599840036826653, -0.04086566593332385, -0.10943336178457581, -0.09885655503620454, -0.0457581094773306]  nub  [0.11590671522502637, 0.07650096319846804, 0.07610045907277763, 0.06686751512001848, 0.03268518420542132, 1.3665569272445501, 0.31892747078799755, 0.05934817145954058, 0.11824838235941575, 0.05122274337449136] adv labels  []
img 8 UNSAT 5
0.2616751194000244 seconds
concrete  [-0.0010411950580364072, -0.0034494630076030153, 0.0036906268181743055, -0.0035969152651174788, 0.007225974062172143, -0.0030013458814117542, -0.006179996760339848, 0.002119161164714365, -0.00102366424370546, 1.011539881111688]
nlb  [-0.0062844566539626764, -0.010396421042808376, 0.00046252986192256695, -0.00931497076149731, -0.0019339639095852495, -0.007578074758901242, -0.0073481213269445955, -0.006331274852895766, -0.008769597008753901, 0.9888849611960032]  nub  [0.0027464927182512425, 0.011403707058398464, 0.021497830032132983, -0.0022703669475246015, 0.008548324105096407, 0.005779454678520599, -0.000656574254818026, 0.005618276889225717, 4.9427405659304135e-05, 1.0201097360956077] adv labels  []
img 9 UNSAT 9
0.19571208953857422 seconds
concrete  [0.9905344728495835, -0.003622518977547075, 0.009143411071554908, -0.005434816972756161, 0.002297576747104896, 0.010459441983282705, -0.0011138976784901286, -0.006019597995006381, -0.002729783039918882, 0.0013014710409980732]
nlb  [0.9665213382609382, -0.004739101302722564, 0.001421917721594449, -0.008450122268569364, 0.0008030968860194493, 0.0007478300660345438, -0.003002013343617689, -0.010904726585016898, -0.0052988236192844035, -0.0025874827838818157]  nub  [0.9963819157049102, -0.002165492205310172, 0.015062383236953157, -0.001920330035694787, 0.004840334454595222, 0.03238291117059331, 0.0013510133123753247, 0.00035787525817163567, 0.0020724351956857854, 0.004289084307119021] adv labels  []
img 10 UNSAT 0
0.2557203769683838 seconds
concrete  [0.007759989375572636, 0.003112485341080512, -0.008177136233269738, -0.001782229284856952, 0.012689092961812004, -0.0024139787931577597, 0.9946803589420563, 0.009586617819913802, 0.003991739928027989, -0.015296165812957563]
nlb  [0.006773440746416731, 0.001201631136740457, -0.015069147704702635, -0.003158821891454082, 0.006010135440090563, -0.0028598156759254384, 0.9928517430212515, -0.0025034418486632355, 0.0002040157201449455, -0.018676623939270217]  nub  [0.008201136803512905, 0.003966947445081482, 0.00723563518769825, -0.0011666688656887022, 0.015675671468689197, -0.0014169430230155768, 0.9954980471798993, 0.014992837613274385, 0.005685467680078864, -0.007736365801738138] adv labels  []
img 11 UNSAT 6
0.2033247947692871 seconds
concrete  [-0.0026438911113557412, 0.002616520119658067, 0.008783784078332, -0.0035457853116912345, 0.00430808696108966, 9.827335615806751e-05, -0.004823158650918164, -0.0013771315966725846, -0.0010059742702514531, 1.0019981532218203]
nlb  [-0.009404154286488973, -0.007428871845894643, 0.004244009527566307, -0.01543442050535654, -0.005349945653704711, -0.009508284982579667, -0.010341786716019916, -0.024182067216151425, -0.01607031760325644, 0.9441416583391767]  nub  [0.01329326022036164, 0.023508321708304112, 0.03938340992830263, 0.0012341142062126996, 0.009962498018291561, 0.014875852739358904, 0.004291926098353064, 0.017447926640776903, 0.011974374307011565, 1.013982146218245] adv labels  []
img 12 UNSAT 9
0.22101521492004395 seconds
concrete  [0.9952110618613556, -0.002457237749246708, 0.0029680192210401607, -0.0026240479924430817, 0.0011023417923337773, 0.0026924199357349493, 0.000857455601922171, -0.000919108417476968, -4.748625737384729e-05, -0.0018087840183181863]
nlb  [0.9897033306053936, -0.0038296174531163314, -0.001000824165674808, -0.005934358162353136, 0.00033417995570174126, -0.0022993433133145433, -0.0014642545273491096, -0.0069260775559136685, -0.0032064916328305056, -0.003807704171398866]  nub  [0.9982166443120384, -0.0017083267799263271, 0.010240926595915802, -0.0008176036162409975, 0.0025099987196614904, 0.011839828439975355, 0.0021244185120248577, 0.002358909369720587, 0.0016763907215158191, 0.0018542381033966908] adv labels  []
img 13 UNSAT 0
0.2066807746887207 seconds
concrete  [0.0005796124113772033, 0.9946518501404698, -0.0077159801734752445, 0.003413213460417081, 0.0034468153673362333, 0.00473583388623185, -0.0005521443138956847, -0.007327828651090489, 0.008113237065096437, -0.0028993918245629954]
nlb  [-0.015940839743410075, 0.9857600710234169, -0.019488555752457833, -0.0044436348182959745, -0.013298287203963493, -0.007347600304291122, -0.018481147381395086, -0.013759276655469787, -0.018144725660546344, -0.01564817982195873]  nub  [0.011005291285855551, 1.0194970781538155, 0.013812168937711485, 0.007250125613430934, 0.013819713518403717, 0.015632598213937542, 0.00832670974609363, 0.003932578737642786, 0.023857160752830814, 0.011090901931759347] adv labels  []
img 14 UNSAT 1
0.298961877822876 seconds
concrete  [-0.003661877048568487, -0.00397107243935103, 0.009260445770959875, 0.0028527542512970937, -0.0008288073972248511, 0.9952759699220161, 0.003595663809757698, -0.009963126400139955, -0.0014385479393490812, -0.0038856494380323826]
nlb  [-0.006189357674795512, -0.007622496750384204, 0.004002778692106147, -0.006027593753460262, -0.00824206109923445, 0.993216339655206, -0.0031295483052575105, -0.02357190540608962, -0.004638419252365913, -0.005377048597393944]  nub  [0.008904369247433777, -0.002626640155252575, 0.01917999684642434, 0.004165450493119431, 0.0037598221566332696, 1.0032957921904229, 0.009823571189377283, -0.0062652614124447635, 0.01289823385114573, 0.002948526029853564] adv labels  []
img 15 UNSAT 5
0.22945022583007812 seconds
concrete  [-0.0034646218499809756, 0.0021951039837121216, 0.007542127889917179, -0.0045173216685600506, 0.004670718690522014, 0.0006979848334829248, -0.005288710112831828, 0.0011516484942271355, -9.079999115302392e-06, 1.0025946958091028]
nlb  [-0.02302604779228206, -0.047274202698259826, -0.024475206454206953, -0.038169343299324594, -0.045031556833527914, -0.030746422635640525, -0.03829777400401755, -0.06544934410425168, -0.0480340552233105, 0.784559708594293]  nub  [0.05466842622086024, 0.054011097065224244, 0.06481066622055542, 0.034277312671993306, 0.08810929789126427, 0.057434998373217395, 0.0288031469759635, 0.09040917540318985, 0.07066079767755108, 1.0470333664977516] adv labels  []
img 16 UNSAT 9
0.2489016056060791 seconds
concrete  [-0.0005971005737504809, -0.005825814389910243, 0.03141567090383582, 0.0009014756574026311, -0.004818806560345716, 0.01191295409948223, 0.0015321926245162546, 0.9791313663499703, -0.008938624578254367, 0.0009048827970160288]
nlb  [-0.0012944141561662542, -0.007595351067270675, 0.03031784196229076, -0.0025961353063005174, -0.006618718879046545, 0.011231199922116788, -0.003121974375913982, 0.976025227078825, -0.012268896412856122, -0.0003844212591987495]  nub  [0.0005926681043855278, -0.0028065998405112143, 0.03328880592018511, 0.0029513965166956153, -0.0015327577372897467, 0.01307617504752324, 0.004133803871505255, 0.9809518488878817, -0.0069867797985684425, 0.003104716016036644] adv labels  []
img 17 UNSAT 7
0.25153493881225586 seconds
concrete  [-0.010490891252258907, 0.006466109173381323, 0.020873819857486618, 0.993536765808019, 0.011369608351899513, 0.0010165671199631656, -0.011051001639852202, -0.033813130779353655, 0.022693287412609602, -0.013904871519095818]
nlb  [-0.7639662836746193, -0.6018207548629555, -0.6192873976892231, -0.7510096949701798, -0.7850435735849184, -0.6478179263274683, -0.7157231620453929, -0.6700292707942311, -0.7165724741278495, -0.7370926321619649]  nub  [0.8082960215871515, 0.6426211015938864, 0.8573816807091443, 1.4936352710195928, 0.7528042369277312, 0.8536388887835764, 0.8016661918050526, 0.7789452952657859, 1.3384981186083513, 0.8059585504727488] adv labels  [0, 1, 2, 4, 5, 6, 7, 8, 9]
img 18 SAT
adversarial image  [0.0, 0.0, 0.0, 0.0, 0.02, 0.02, 0.02, 0.02, 0.0, 0.02, 0.02, 0.0, 0.0, 0.02, 0.0, 0.02, 0.0, 0.02, 0.02, 0.0, 0.02, 0.0, 0.0, 0.02, 0.02, 0.0, 0.0, 0.02, 0.0, 0.0, 0.0, 0.0, 0.0, 0.0, 0.02, 0.0, 0.0, 0.0, 0.0, 0.02, 0.02, 0.0, 0.0, 0.0, 0.0, 0.02, 0.02, 0.02, 0.02, 0.02, 0.0, 0.02, 0.02, 0.02, 0.0, 0.0, 0.0, 0.02, 0.02, 0.02, 0.02, 0.0, 0.02, 0.02, 0.0, 0.0, 0.0, 0.02, 0.02, 0.0, 0.0, 0.0, 0.02, 0.02, 0.02, 0.02, 0.0, 0.02, 0.0, 0.0, 0.02, 0.0, 0.02, 0.0, 0.02, 0.02, 0.02, 0.02, 0.02, 0.02, 0.02, 0.0, 0.02, 0.02, 0.02, 0.02, 0.0, 0.02, 0.02, 0.02, 0.02, 0.02, 0.02, 0.02, 0.0, 0.02, 0.02, 0.02, 0.0, 0.0, 0.0, 0.02, 0.02, 0.0, 0.0, 0.0, 0.02, 0.02, 0.02705882352941177, 0.14078431372549022, 0.5525490196078433, 0.5525490196078433, 0.1682352941176471, 0.02, 0.0, 0.0, 0.0, 0.0, 0.02, 0.02, 0.0, 0.02, 0.02, 0.02, 0.02, 0.0, 0.0, 0.0, 0.0, 0.02, 0.0, 0.0, 0.0, 0.02, 0.0, 0.02705882352941177, 0.4858823529411766, 0.9721568627450982, 0.9721568627450982, 0.9721568627450982, 1.0, 0.61921568627451, 0.05058823529411766, 0.0, 0.0, 0.0, 0.02, 0.02, 0.02, 0.02, 0.02, 0.02, 0.0, 0.0, 0.0, 0.0, 0.0, 0.02, 0.02, 0.02, 0.02, 0.0, 0.0, 0.5015686274509805, 0.9721568627450982, 0.9721568627450982, 0.9721568627450982, 0.9721568627450982, 0.9721568627450982, 0.9721568627450982, 0.8780392156862746, 0.2545098039215687, 0.0, 0.0, 0.02, 0.02, 0.02, 0.02, 0.02, 0.02, 0.02, 0.0, 0.0, 0.0, 0.0, 0.02, 0.02, 0.0, 0.02, 0.0, 0.0, 0.3760784313725491, 0.9721568627450982, 0.9682352941176472, 0.5486274509803923, 0.42000000000000004, 0.43960784313725493, 0.9494117647058824, 0.9721568627450982, 0.9486274509803923, 0.48196078431372563, 0.059215686274509814, 0.02, 0.02, 0.02, 0.02, 0.02, 0.02, 0.02, 0.0, 0.0, 0.0, 0.02, 0.0, 0.02, 0.02, 0.02, 0.02, 0.0, 0.6898039215686276, 0.9721568627450982, 0.6349019607843138, 0.0, 0.02, 0.02, 0.25921568627450986, 0.9415686274509805, 0.9721568627450982, 0.9721568627450982, 0.61921568627451, 0.039607843137254906, 0.02, 0.02, 0.02, 0.02, 0.02, 0.02, 0.02, 0.02, 0.02, 0.02, 0.0, 0.0, 0.0, 0.02, 0.02, 0.0, 0.9800000000000001, 0.9721568627450982, 0.14862745098039218, 0.02, 0.02, 0.02, 0.02, 0.2074509803921569, 0.7368627450980394, 0.9721568627450982, 0.9721568627450982, 0.6631372549019608, 0.0, 0.02, 0.02, 0.02, 0.02, 0.02, 0.02, 0.02, 0.02, 0.02, 0.0, 0.02, 0.02, 0.02, 0.02, 0.0, 0.7533333333333334, 1.0, 0.14549019607843142, 0.02, 0.02, 0.02, 0.02, 0.0, 0.19568627450980394, 0.9054901960784315, 1.0, 0.9721568627450982, 0.3172549019607844, 0.02, 0.02, 0.02, 0.02, 0.02, 0.02, 0.02, 0.0, 0.02, 0.0, 0.0, 0.0, 0.0, 0.0, 0.02, 0.5925490196078432, 1.0, 0.14549019607843142, 0.02, 0.4121568627450981, 0.7650980392156863, 0.32117647058823534, 0.32117647058823534, 0.32117647058823534, 0.5564705882352943, 0.9721568627450982, 1.0, 0.5023529411764707, 0.0, 0.02, 0.02, 0.02, 0.02, 0.02, 0.02, 0.02, 0.02, 0.02, 0.0, 0.0, 0.0, 0.0, 0.02, 0.3886274509803922, 1.0, 0.3258823529411765, 0.17686274509803926, 0.9925490196078433, 0.9721568627450982, 0.9721568627450982, 0.9721568627450982, 1.0, 1.0, 1.0, 1.0, 0.8945098039215686, 0.30941176470588244, 0.07882352941176472, 0.02, 0.02, 0.02, 0.02, 0.02, 0.02, 0.0, 0.0, 0.0, 0.0, 0.0, 0.0, 0.02, 0.07490196078431374, 0.38078431372549026, 0.02705882352941177, 0.11725490196078434, 0.9211764705882355, 0.9721568627450982, 0.9721568627450982, 0.9721568627450982, 1.0, 1.0, 1.0, 1.0, 1.0, 1.0, 0.9368627450980394, 0.3690196078431373, 0.059215686274509814, 0.02, 0.02, 0.02, 0.0, 0.0, 0.0, 0.02, 0.02, 0.02, 0.02, 0.02, 0.02, 0.02, 0.0, 0.0, 0.31411764705882356, 0.651372549019608, 0.7219607843137256, 1.0, 1.0, 1.0, 1.0, 1.0, 1.0, 1.0, 0.9721568627450982, 0.9721568627450982, 0.7996078431372551, 0.1886274509803922, 0.02, 0.02, 0.02, 0.02, 0.02, 0.02, 0.0, 0.0, 0.02, 0.02, 0.02, 0.02, 0.02, 0.02, 0.02, 0.02, 0.031764705882352945, 0.0827450980392157, 0.0827450980392157, 0.17294117647058826, 0.1290196078431373, 0.0427450980392157, 0.0827450980392157, 0.5886274509803923, 0.9329411764705884, 0.9721568627450982, 0.9721568627450982, 0.7054901960784316, 0.1682352941176471, 0.0, 0.02, 0.0, 0.02, 0.0, 0.02, 0.0, 0.02, 0.02, 0.02, 0.02, 0.02, 0.02, 0.09843137254901962, 0.2474509803921569, 0.02, 0.02, 0.02, 0.02, 0.02, 0.0, 0.0, 0.0, 0.2074509803921569, 0.7996078431372551, 0.9721568627450982, 0.9721568627450982, 0.6976470588235295, 0.0, 0.02, 0.02, 0.02, 0.0, 0.02, 0.0, 0.02, 0.02, 0.02, 0.02, 0.007842220334915781, 0.32196078431372555, 0.8866666666666667, 0.9886274509803922, 0.3298039215686275, 0.02, 0.02, 0.02, 0.0, 0.0, 0.0, 0.0, 0.0, 0.03098039215686275, 0.8388235294117649, 0.9721568627450982, 0.9211764705882355, 0.2623529411764707, 0.02, 0.0, 0.0, 0.0, 0.02, 0.02, 0.0, 0.02, 0.02, 0.02, 0.02, 0.3729411764705883, 0.9886274509803922, 1.0, 1.0, 0.2435294117647059, 0.02, 0.02, 0.0, 0.0, 0.0, 0.02, 0.0, 0.0, 0.18784313725490198, 0.9643137254901962, 0.9721568627450982, 0.7690196078431373, 0.02, 0.02, 0.02, 0.02, 0.02, 0.02, 0.0, 0.02, 0.0, 0.02, 0.02, 0.02, 0.4749019607843138, 1.0, 0.9721568627450982, 0.21137254901960786, 0.0, 0.0, 0.0, 0.0, 0.02, 0.0, 0.0, 0.0, 0.3682352941176471, 0.9682352941176472, 0.9721568627450982, 0.5486274509803923, 0.02, 0.02, 0.02, 0.0, 0.02, 0.02, 0.0, 0.02, 0.02, 0.02, 0.02, 0.0, 0.034901960784313735, 0.7172549019607845, 0.9721568627450982, 0.8466666666666668, 0.599607843137255, 0.1290196078431373, 0.02, 0.0, 0.0, 0.0, 0.41529411764705887, 0.807450980392157, 0.9847058823529412, 0.9721568627450982, 1.0, 0.5486274509803923, 0.02, 0.02, 0.02, 0.0, 0.02, 0.02, 0.02, 0.02, 0.0, 0.02, 0.02, 0.0, 0.02, 0.06705882352941178, 0.8866666666666667, 0.9447058823529413, 0.9721568627450982, 0.9643137254901962, 0.9564705882352943, 0.9564705882352943, 0.9564705882352943, 0.9564705882352943, 0.9721568627450982, 0.9721568627450982, 1.0, 1.0, 0.8043137254901962, 0.05450980392156864, 0.02, 0.02, 0.0, 0.0, 0.02, 0.02, 0.02, 0.02, 0.02, 0.02, 0.02, 0.0, 0.02, 0.02, 0.02, 0.39254901960784316, 0.6976470588235295, 0.8741176470588237, 1.0, 1.0, 1.0, 0.9721568627450982, 0.9721568627450982, 0.9721568627450982, 0.7847058823529413, 0.5062745098039216, 0.07019607843137257, 0.0, 0.02, 0.02, 0.02, 0.02, 0.0, 0.02, 0.02, 0.02, 0.02, 0.02, 0.0, 0.02, 0.0, 0.0, 0.0, 0.02, 0.02, 0.11411764705882355, 0.1250980392156863, 0.5611764705882354, 0.3101960784313726, 0.5141176470588236, 0.32509803921568636, 0.1650980392156863, 0.047450980392156866, 0.02, 0.02, 0.02, 0.0, 0.0, 0.0, 0.0, 0.0, 0.02, 0.02, 0.0, 0.0, 0.0, 0.0, 0.0, 0.02, 0.0, 0.0, 0.02, 0.02, 0.02, 0.02, 0.02, 0.0, 0.02, 0.02, 0.02, 0.02, 0.02, 0.02, 0.02, 0.0, 0.0, 0.0, 0.02, 0.02, 0.02, 0.0, 0.0, 0.0, 0.0, 0.0, 0.0, 0.0, 0.02, 0.02, 0.02, 0.0, 0.0, 0.0, 0.02, 0.02, 0.02, 0.02, 0.02, 0.02, 0.02, 0.0, 0.0, 0.02, 0.0, 0.0, 0.02, 0.02, 0.02, 0.02, 0.02, 0.0, 0.0, 0.0, 0.0, 0.0, 0.0, 0.02, 0.02, 0.02, 0.02, 0.0, 0.0, 0.02, 0.02, 0.0, 0.02, 0.02, 0.02, 0.0, 0.0, 0.02, 0.0, 0.02, 0.0, 0.0, 0.0, 0.02, 0.02, 0.02, 0.0, 0.02, 0.02, 0.02, 0.02, 0.02, 0.02, 0.02, 0.02, 0.02, 0.02, 0.02, 0.02, 0.02, 0.02, 0.0, 0.0, 0.0, 0.0, 0.0, 0.02, 0.02] cex label 8 correct label  3
29.297213554382324 seconds
concrete  [-0.0036333307957779754, -0.0001343353695827526, 0.015266255848128497, 0.0009011248016599499, 1.000246318959727, 0.002289305000162633, -0.008722167174308864, -0.009915963822306566, -0.004827801168375131, 0.00599816681106502]
nlb  [-0.031017920519753165, -0.017681701130705316, -0.012797508244658065, -0.010708273550963852, 0.8609874490732512, -0.0370781574001813, -0.023003041654401816, -0.03192936896272184, -0.03440253629897268, -0.0006722123501142103]  nub  [0.03195761110269628, 0.01201991484569749, 0.07867011687427934, 0.017374289648071264, 1.0078637436150273, 0.045137782555272114, 0.040987981982602985, 0.017641908823701043, 0.012586074137712707, 0.06495561270244675] adv labels  []
img 19 UNSAT 4
0.25356030464172363 seconds
concrete  [0.001037871153513492, 0.004634437548148802, 0.02250483712581882, -0.007251599187411743, 0.0013641087925392043, -0.001650161062958923, -0.0056370668598917355, -0.00219149177781946, -0.007707346402158796, 0.9957501168926929]
nlb  [-0.6271714651142507, -0.48846783211190287, -0.43438975804357227, -0.4517655459359876, -0.5594977770092474, -0.547750755517811, -0.5891617747798483, -0.4735006797851152, -0.6245870691361777, -0.4515291760020214]  nub  [0.6990041057722719, 0.5185103726813164, 0.7584199642889653, 0.5856675434717427, 0.6304245825156126, 0.6429294269344459, 0.6712947880913037, 1.0234752728285466, 0.7014026141191946, 1.2655509802716582] adv labels  [0, 1, 2, 3, 4, 5, 6, 7, 8]
img 20 UNSAT 9
97.52042818069458 seconds
concrete  [0.007033201526635348, 0.0017047639416870215, 0.003177413006514994, -0.002796361533226427, 0.007768722057735333, -0.0016794650943224238, 0.9933332222755634, 0.0006799018199466524, 0.0012013332029480756, -0.009726880502370683]
nlb  [-0.03188419744348055, -0.010925391741089334, -0.009542504117106257, -0.016643537074924563, -0.051285843300096896, -0.0021114160434785333, 0.9765598229852483, -0.03766336052311806, -0.023742110648753714, -0.013002051652811653]  nub  [0.012487979928950937, 0.0025326131643666552, 0.02739174902231166, 0.00026024988174534964, 0.010662281273308333, 0.037052918094113284, 1.06658976635586, 0.005917740727736737, 0.0703025998037905, 0.005536027416347942] adv labels  []
img 21 UNSAT 6
0.27303409576416016 seconds
concrete  [0.0076196449643122725, 0.0028406510894410887, -0.005984546565576322, -0.0019780605629192843, 0.011738957982636196, -0.0022721425024485953, 0.9944202237421866, 0.007866710401116951, 0.0034529059483722705, -0.014220723964007424]
nlb  [0.006809126185804598, 0.001270750559618141, -0.011905193026088536, -0.003109027780375606, 0.006251726707638574, -0.0026551428170687123, 0.9929178877207392, -0.002066120181237842, 0.0003410252893073038, -0.017124737911665813]  nub  [0.007998616759216471, 0.0035746846952585364, 0.006678124382770365, -0.001449257668132805, 0.014304605985268243, -0.0014530078032917552, 0.995122666416764, 0.012510973722064472, 0.004907918503391029, -0.00800981890593527] adv labels  []
img 22 UNSAT 6
0.22162151336669922 seconds
concrete  [-0.007151673962668427, -0.004954975511012079, 0.0020009676342122966, 0.001892076737254422, 0.004596473723118982, 0.9967832801599463, 0.004963844123606167, -0.0048573314481066, -0.005412399461763685, -0.003542807144347463]
nlb  [-0.00985915151243183, -0.00571831376341941, -0.003631129178880213, 0.0011467574920788377, -0.004587244643758287, 0.9942317602645524, 0.0026478382985119318, -0.013500235260531764, -0.008495419490682918, -0.004123158097526638]  nub  [-0.0012442727965439482, -0.003289460211417915, 0.014289547934410774, 0.003518276658465682, 0.00880555155661689, 0.9979526916558776, 0.006025314912598946, -0.0008961195075095352, 0.0013143917227312965, -0.0032768209462472795] adv labels  []
img 23 UNSAT 5
0.25703930854797363 seconds
concrete  [-0.0039713767941661066, 0.0017374115321795933, 0.011084569077582991, 0.0026632981974159878, 1.0070828908353155, 0.0036192885914500825, -0.010452944166260674, -0.010136741482675375, -0.003631980332309186, 1.1559967337398946e-05]
nlb  [-0.11015090056154482, -0.07180580959028098, -0.09724506607414891, -0.08526874992123429, 0.7438235215055352, -0.12777900796757882, -0.09009063858931747, -0.09505024828700616, -0.12858254766102709, -0.04318686801874827]  nub  [0.13850150460256494, 0.07414385288001764, 0.1796653563574344, 0.07050019201772359, 1.0358748779762277, 0.1204912438394648, 0.12017787935352248, 0.08448559105421205, 0.11069930222684526, 0.17189994435972403] adv labels  []
img 24 UNSAT 4
0.24430394172668457 seconds
analysis precision  25 /  25
