netname  mnist-net_256x6.onnx  epsilon  0.02  domain  deeppoly  dataset  mnist args complete  True  complete  True  timeout_lp  1
This network has 1536 neurons.
concrete  [0.01678831993302661, 0.0038153877443356386, 0.052479915809731076, -0.003515672587083688, 0.005510609857398745, 0.0041904146213729305, 0.011367909618054563, 0.8993511344887221, 0.00788981029892671, 0.004515418433795642]
nlb  [0.00301841055951472, 0.0019465321671562484, 0.039838507218801486, -0.012081476831490402, -0.007219545522007983, -0.0052774187734085255, 0.01025009115628249, 0.8779387824069653, 0.003733150228723249, -0.0032572616519392656]  nub  [0.022146119487956736, 0.0055804547115571815, 0.05748672033271142, 9.166278814420545e-05, 0.010721775031557816, 0.019735342485445836, 0.019940646387806807, 0.944646254297012, 0.014925457772667796, 0.0082636947938045] adv labels  []
img 0 UNSAT 7
0.49744319915771484 seconds
concrete  [-0.007930765506352092, -0.0024492663711544304, 0.9260452940903633, 0.006168932074526512, 0.014698648030152493, -0.03360888888385513, 0.011240040482816314, 0.048732671388732864, 0.009898086478712615, 0.011017997572907185]
nlb  [-0.01112709819095245, -0.0032914310530381434, 0.9213850709388203, -0.001254113778726626, 0.011938743117552632, -0.03495072900202464, 0.008765568391582265, 0.04083263933245016, 0.009213508989331307, 0.005672869485429076]  nub  [-0.005546037504730421, -0.0013204841801637592, 0.9295222052069174, 0.016118294879905203, 0.01839784318895213, -0.03181037457766183, 0.014556660247032043, 0.0546267473555459, 0.010815649153796219, 0.01500590430233988] adv labels  []
img 1 UNSAT 2
0.44614148139953613 seconds
concrete  [-0.0031881886310131703, 0.9818167924108963, -0.003891583851175457, 0.0008166167489604571, -0.003035129685858464, -0.005086082190703152, 0.007904326141352405, 0.013229705350071794, 0.004084135329050371, -0.0006739404735144122]
nlb  [-520.6889367721517, -374.0103560054288, -386.74358887192835, -502.34512225741395, -505.5397371271996, -449.04075162708057, -376.12999684333136, -428.4762935472548, -453.31507179019155, -418.78764985689963]  nub  [369.13970667850145, 474.36868123935164, 387.8613995553723, 426.4252040177781, 349.659511689806, 447.5516222182221, 454.88111969885955, 400.4611893704069, 436.87375474221204, 493.4599582739191] adv labels  [0, 2, 3, 4, 5, 6, 7, 8, 9]
Using license file /home/gagandeep/gurobi.lic
Academic license - for non-commercial use only
img 2 UNKNOWN
91.13694763183594 seconds
concrete  [1.0032072874750348, -0.0016552758843280035, -0.0071889008719791155, -0.008900147143374967, -0.0005598161486846109, 0.00391752613238851, 0.008482245714697644, 0.004733867134126441, -0.0026084085238004887, 0.001292276797421955]
nlb  [0.9812942354954788, -0.0031741645010626555, -0.00881257077434668, -0.010013076785965157, -0.0018541602724401838, 0.003035298333995461, 0.003150976991650921, 0.004206507660899994, -0.006169285795857744, -0.0016951209958204344]  nub  [1.0144566745492345, -0.0008755321047519147, -0.004026100735948904, -0.006732234798729257, 0.001961479445154478, 0.005636046748377671, 0.018867199834877536, 0.005761128039340708, 0.004327941718323658, 0.002825901330984348] adv labels  []
img 3 UNSAT 0
0.43966245651245117 seconds
concrete  [-0.001850748038089785, -0.003245076664531454, -0.009436085662893832, -0.009101430273522112, 0.9784142303534874, 0.00043315356349759703, 0.027731586060712195, 0.008561592419444267, 0.0021392719753054075, 0.006950974977839461]
nlb  [-0.004370733577603586, -0.003581463461225101, -0.012660436413131285, -0.011148852312603295, 0.9056452626822777, -0.017861500352945005, 0.023410370986084294, 0.0009414558157515521, -0.004860496043461816, -0.0025019048035512595]  nub  [0.0022094268485893377, -3.895105993573494e-05, 0.0020265377037518746, -0.005127896004801773, 0.9984321260667867, 0.00959096531921903, 0.03166457690981425, 0.027015803758214395, 0.019032697305095058, 0.037795458413787404] adv labels  []
img 4 UNSAT 4
0.5070693492889404 seconds
concrete  [-0.0032677364460186728, 0.9935875763810917, -0.005682041072718138, -0.002569427391024205, -0.004473302138408999, -0.008421818530585296, -0.0010320270674074108, 0.015903979652988495, 0.007755938664601229, -0.0026331875885011614]
nlb  [-0.0962106337857588, 0.5349457354295215, -0.04367445248207816, -0.05275963018586476, -0.04182833859462388, -0.1707010936485978, -0.03877405799607277, -0.012333640668439994, -0.10573158142260614, -0.32054112557044145]  nub  [0.0498915390104789, 1.036937093562879, 0.1377858093026381, 0.09641076672565721, 0.13679482307159962, 0.1291455711046986, 0.11018236508970027, 0.25527020945439516, 0.07108063904500589, 0.1820107182305048] adv labels  []
img 5 UNSAT 1
0.512986421585083 seconds
concrete  [-0.00365054352792043, -0.0034853270270968732, -0.005500101710228871, -0.006602130130830561, 0.9539782671482676, -0.0015193328657151272, 0.025027626867174184, 0.017863538055179002, 0.010683930025368975, 0.018490161005688514]
nlb  [-118.81908617632455, -85.26198961182483, -88.08802548507674, -114.79710286214011, -115.13957141970337, -102.90667742032457, -86.02124867576785, -97.51093957284318, -103.23779305125018, -95.7535877545717]  nub  [84.45218639479361, 108.83603778056238, 89.1406816421546, 97.54128514917049, 80.2105578989805, 102.41945349676276, 104.00722500030881, 91.81199809266323, 100.24933979062455, 112.92976104518235] adv labels  [0, 1, 2, 3, 5, 6, 7, 8, 9]
img 6 UNKNOWN
90.97292160987854 seconds
concrete  [0.003863513844109835, -0.0006347079383292528, -0.012795100668880906, -0.0010657274165530271, 0.013649903661818234, 0.012850256246861612, -0.013437467286834946, 0.0198777543621541, 0.08111100049191358, 0.9017171701127633]
nlb  [-0.013223252652769147, -0.08901911082949196, -0.018283474062766036, -0.007436491333139417, -0.0022943136738063693, -0.04586996773971691, -0.026736392177329156, 0.0011493282591880302, 0.029677554213268918, 0.7920634800769888]  nub  [0.021738509335347614, 0.08374935223173607, 0.006505980075290494, 0.0396120933038459, 0.03761211207873566, 0.07285810410542272, 0.037667976220773794, 0.04293035200484302, 0.10738060061351193, 0.9304286618025351] adv labels  []
img 7 UNSAT 9
0.45647764205932617 seconds
concrete  [0.00987356833972445, 0.03827897588377378, 0.001604805962021543, 0.08873554543553093, 0.003021189027672455, 0.38804423251982206, 0.2830558950105245, 0.087326135577999, 0.08126742680937138, 0.01597894971201992]
nlb  [-59.41340687093816, -43.39808947179107, -43.9215038680489, -57.22114702530143, -58.139846410465495, -53.32823655310275, -43.56185686473106, -48.68646713396396, -51.88254078517121, -48.87836045146454]  nub  [42.88177651789098, 54.570097076115324, 45.97482989938, 49.67043942096433, 40.846598304631854, 51.80156857662037, 52.85782834470633, 46.5840445728611, 51.46265789454953, 57.51596133333662] adv labels  [0, 1, 2, 3, 4, 6, 7, 8, 9]
img 8 UNKNOWN
90.97353625297546 seconds
concrete  [0.004572846248964363, -0.001958072658357176, -0.015443625136387813, -0.004140067097703606, 0.01631325709236347, 0.01672491283994696, -0.019855129759153906, 0.023259518196629376, 0.09378792199128973, 0.8938384422339835]
nlb  [0.003007740539259734, -0.004004539386474914, -0.019539334444131997, -0.008894262047281828, 0.010436703825404474, 0.008175681033420035, -0.029779478295219958, 0.015797829078823822, 0.06581694239926059, 0.8816546850128627]  nub  [0.005669766201390202, 0.0009618639823159693, -0.009599791218705838, 0.0026433063328887285, 0.020431898082539885, 0.02271672725109701, -0.005694885408752674, 0.028489117463483937, 0.11339166211740492, 0.9112224527541795] adv labels  []
img 9 UNSAT 9
0.41293835639953613 seconds
concrete  [0.9937193791122616, -0.0023129239391166626, -0.005819472373919761, -0.007961484939514643, 0.000531853855656756, 0.004661610805718931, 0.012978720835353012, 0.005178650331933344, 0.00039489085825774456, -1.2060333529975709e-06]
nlb  [0.9792741217971691, -0.0033141873378512016, -0.007125173979627301, -0.0088564661295032, -0.0005090148567960936, 0.003952152404548875, 0.008691490948298877, 0.004754565294714383, -0.0024686488089326296, -0.001970522305051999]  nub  [1.002765763937524, -0.0016858797945196206, -0.003734529489472867, -0.006532379962067593, 0.0021939118681377646, 0.005794473198531204, 0.01982456479225644, 0.00585582885181825, 0.004967387841730906, 0.0012320840665063712] adv labels  []
img 10 UNSAT 0
0.45087504386901855 seconds
concrete  [-0.0020012519594772536, 0.0011039934326692357, -0.008413319044090865, -0.0019811849289040322, 0.002720218515717526, 0.003855847520487213, 1.0066073265254647, 0.011862081046958208, -0.002452985020913341, -0.0013559595298948419]
nlb  [-0.012104355151241947, -0.0004596778788640856, -0.018613300691970036, -0.010254800359875908, -0.002547823538655484, 0.0006627708252811395, 1.00365152730705, 0.0005426848528216188, -0.005291000643640643, -0.011830103304442962]  nub  [0.009108990689123657, 0.009053389169884605, -0.007260824378669036, 0.002989217228584126, 0.00710963153959983, 0.012677690829084496, 1.0141123088762027, 0.0193085421035083, 0.0021949441259045722, 0.00575772161451963] adv labels  []
img 11 UNSAT 6
0.42116689682006836 seconds
concrete  [0.003310060449132184, 0.0003978413884465357, -0.010728601453293718, 0.0013330121901557988, 0.011571834215007983, 0.009827072995765934, -0.008430115220560003, 0.01723914845271898, 0.07121988992981572, 0.9078645118424962]
nlb  [-55.78378038190419, -40.02427826065744, -41.35076293824, -53.85566506624309, -54.06802245176136, -48.23005320104355, -39.99191468749591, -45.52164399909579, -48.47804228054263, -44.80372469310055]  nub  [39.43552911944575, 50.46419299923787, 41.46053006186313, 46.07819087902169, 37.770026579233445, 47.98984289596859, 49.140443723398846, 43.03024619769949, 47.05111516103217, 53.333756779094436] adv labels  [0, 1, 2, 3, 4, 5, 6, 7, 8]
img 12 UNKNOWN
90.90176916122437 seconds
concrete  [0.9789070482261757, -0.003339630798169109, -0.003681548264358317, -0.006496064467243962, 0.0022361470153754856, 0.005823260767672115, 0.01999852696770331, 0.005873036876003933, 0.00508358118873675, -0.002020565301206368]
nlb  [0.8023473819212115, -0.006559594194043424, -0.00580606366927552, -0.007952294065898351, -0.0016821088556810539, 0.004668896481188027, 0.013022747892565925, 0.004320754896871765, 0.00042429754464502756, -0.004834204578235457]  nub  [0.9936264786351167, 0.025831769344545785, 0.03108487123365934, 0.0047765673524073635, 0.004610794385027528, 0.029475437001049185, 0.040664449608201376, 0.02258330200111973, 0.03943267638097779, 0.01158781009420717] adv labels  []
img 13 UNSAT 0
0.4907562732696533 seconds
concrete  [-0.0033077906471713236, 0.9995144437480243, -0.006583578515348409, -0.004274380482260191, -0.005197455890497294, -0.010101440457857644, -0.00553169169012574, 0.017250539842719004, 0.009604778251019103, -0.0036197147237342474]
nlb  [-0.0034128186382612704, 0.8830477620702206, -0.008947541939084242, -0.00874501759202714, -0.007096293256700704, -0.01450565553980954, -0.01733047239983248, 0.008316631696113767, -0.002661560208140753, -0.020267193773777954]  nub  [0.004582112983588422, 1.0150555594136208, 0.0025655972857445324, 0.013287062095216278, 0.008169270068427697, 0.015419078982173696, 0.027019923681091622, 0.02078141819105357, 0.014452706858298902, 0.027662920352859582] adv labels  []
img 14 UNSAT 1
0.5405645370483398 seconds
concrete  [-0.0008301969481140613, -0.010909105961166949, 0.001966832568729591, -0.013337240146730222, -0.007913582163981438, 0.9773052977906791, 0.024116520147231188, 0.003410526396948586, 0.03827035365438727, 0.0012471153093208433]
nlb  [-0.008401101174011058, -0.019360488081458377, -0.002704230453401593, -0.023070239695394443, -0.023973639641975297, 0.914463463468703, 0.011451320873956438, -0.0014311480339297936, 0.01069575208984283, -0.008636367371036265]  nub  [0.011702229079567838, 0.004570441451687024, 0.006058035741182061, 0.00898995018480444, 0.002543842724661947, 1.0380446896863382, 0.03789975978834285, 0.009332747881036007, 0.07962194430180722, 0.013076114036313535] adv labels  []
img 15 UNSAT 5
0.48217201232910156 seconds
concrete  [0.003611328974203517, -0.00016421969124751946, -0.011853485998932538, 2.7274887065754927e-05, 0.012703016935933575, 0.01147272187486393, -0.011155832661650246, 0.018675455317567324, 0.07660404750731335, 0.90451824891804]
nlb  [-161.28571038607407, -115.99797585936486, -119.46648368220833, -155.534806274411, -156.53957204037943, -139.61440616713332, -116.03065237978342, -132.16831387339877, -140.24692755771196, -129.51195775143975]  nub  [114.62492352885906, 146.8342832091796, 120.14227744484572, 131.78391924106273, 108.46014168052155, 138.39534880798917, 141.46788901569118, 124.06332110916671, 135.5033247379296, 153.1894202398838] adv labels  [0, 1, 2, 3, 4, 5, 6, 7, 8]
img 16 UNKNOWN
90.99420285224915 seconds
concrete  [0.025658690203850344, 0.005217030416873122, 0.06076917888072497, 0.002456630060909397, 0.009351163733920509, 0.002686296966009965, 0.010172071956538794, 0.8639008550618967, 0.011208453843043824, 0.01072106290588479]
nlb  [0.004538030190318752, 0.0020541566867052683, 0.041227757248213995, -0.011280468358213277, -0.004041325192337776, -0.0012560913566909931, 0.009267283038765992, 0.8370786358012284, 0.003955841400483883, -0.002840843853327186]  nub  [0.032370146930710164, 0.006277534528445477, 0.06704096108372042, 0.006975364855278131, 0.01225698506522599, 0.013650610772795049, 0.01764258570824727, 0.9421604496673932, 0.013719389898505711, 0.0154163476645981] adv labels  []
img 17 UNSAT 7
0.5445165634155273 seconds
concrete  [0.017868456430337534, -0.003980115438688096, 0.006731633528935521, 0.9177600742461695, -0.00481983767402527, 0.01953553888214496, 0.020551265184709837, 0.010273365687583323, 0.05372734500732933, -0.010656924637341057]
nlb  [-416.4478848305475, -299.3114273107299, -309.41526878081856, -402.34704385623365, -404.3122995313991, -359.48342900485886, -300.645662157185, -342.30583324155987, -363.1622535203511, -335.0183865675125]  nub  [295.7366966558689, 380.0392848304371, 310.0770976073809, 341.24360235779284, 279.14701864108645, 357.58678150066737, 364.34614581525864, 319.73586052730013, 349.8289058652807, 394.75325114737825] adv labels  [0, 1, 2, 4, 5, 6, 7, 8, 9]
img 18 UNKNOWN
90.92888164520264 seconds
concrete  [-0.00041979535732957537, -0.0030540622396653555, -0.01256544498194907, -0.011088533952476986, 0.997842386081757, 0.001985505320025654, 0.029881406792301824, 0.0011659499039755258, -0.004654278409726584, -0.0022234169314852767]
nlb  [-0.0033256764988045147, -0.0034419613102853516, -0.01561420453131808, -0.013024457794750538, 0.9583890120439628, -0.0011669047875076605, 0.025515697425756382, -0.0060392104639818145, -0.011272854130439533, -0.011161513228989381]  nub  [0.0009743017102886321, -0.0028679675817646385, -0.00621055543707864, -0.007053259282334424, 1.016770150286601, 0.0034978747091660763, 0.03197585674728572, 0.01618451648816393, 0.009141600526720813, 0.01640731264629148] adv labels  []
img 19 UNSAT 4
0.47469425201416016 seconds
concrete  [0.003160980478486482, 0.0006759721664359661, -0.010171962637460548, 0.001979144336782878, 0.01101207880481177, 0.009012738718625724, -0.0070813189066746066, 0.0165284051541978, 0.06855558886014665, 0.9095203794059338]
nlb  [-0.025158098208453473, -0.14265074765948085, -0.043451546849190774, -0.03075045475086584, -0.04360182702798483, -0.1118031114905472, -0.03078562946690971, -0.032160257239939864, 0.006331139351763109, 0.6553405395391858]  nub  [0.06300895740409655, 0.14311901220464698, 0.01647034435618853, 0.11180849010412648, 0.058732076799705435, 0.13657892064018323, 0.09801046289906717, 0.09682372296534952, 0.12159193753550915, 0.9356296127269257] adv labels  []
img 20 UNSAT 9
0.4722011089324951 seconds
concrete  [-0.008097855034098954, 0.005204183699472925, -0.01391095395663084, -0.002379181819584915, 0.005392427771004717, 0.008267164240565839, 1.010337352036486, 0.014129663067395883, -0.004198662066756722, -0.007400439761336079]
nlb  [-0.019570967364459957, -0.00153851988456936, -0.02737670978676887, -0.00947555664916185, -0.0022045608664208313, -0.0015402658620448338, 1.001612198239786, 0.0012242518935253396, -0.007326709696594977, -0.020085333291808755]  nub  [0.008440017267430384, 0.016226863208591184, -0.007497162790815629, 0.0064185048245017015, 0.01030985474093624, 0.020897256716894654, 1.0211474113395687, 0.024446165926609344, 0.0015241841564850476, 0.005329390410015362] adv labels  []
img 21 UNSAT 6
0.4424171447753906 seconds
concrete  [-0.017221959503179333, 0.013970077074720165, -0.02461972760161607, -0.005185729130692009, 0.0093030595246766, 0.018311368453836414, 1.0189341571193578, 0.015604423304978049, -0.006686272449806562, -0.017488225047368508]
nlb  [-0.02933254501176622, -0.0002520324061681331, -0.038833672582099965, -0.0089109090987907, 0.0029583059942252903, 0.002015280211090195, 1.0049863827350942, 0.012644022887965733, -0.009988121782863395, -0.03087792117730264]  nub  [-0.002418675100824594, 0.025605202652255674, -0.007245417344172604, -0.0006322830170691629, 0.014493710333872225, 0.03164321865381811, 1.0303448488107858, 0.017561898695860154, -0.002650281399129286, -0.0011214292609910206] adv labels  []
img 22 UNSAT 6
0.46656012535095215 seconds
concrete  [-0.009179344992727132, -0.007994002678607014, 0.002269209345197845, -0.024070734023457725, -0.006515586162200559, 1.0442883370611382, 0.010149413895194706, 0.0016916627330382352, 0.00786124744141345, -0.007457469806394959]
nlb  [-0.015451212237028215, -0.011505982504904751, 0.0019049199749890165, -0.032133718210902835, -0.008199826231796927, 0.9635903103293444, -0.0003426549640154902, 0.00040045497704996845, -0.014982026646740629, -0.013996340835004055]  nub  [0.0008793173109170015, -0.005804181550260088, 0.0024963543173276586, -0.011139523597287673, -0.005465413703343359, 1.0946058937363539, 0.026976328976538087, 0.0037624691253793727, 0.04449671356527971, 0.003029406423905298] adv labels  []
img 23 UNSAT 5
0.40391016006469727 seconds
concrete  [-0.0033994754130131167, -0.0034518125494932125, -0.006049164132533995, -0.0069507778405054526, 0.9573870384517541, -0.0012469646494736933, 0.02540482413283228, 0.01656593398353409, 0.009491966159875992, 0.016880466070933898]
nlb  [-597.5881091934342, -428.8274379247695, -443.8945874124272, -577.5838168487772, -580.0679853453978, -515.0185490766144, -431.50499000052713, -491.3929440026573, -520.7254794018507, -480.23878948972526]  nub  [423.94742369674907, 545.3234264724234, 444.95062431342075, 488.8471417650231, 400.65044633358093, 512.7118779650207, 521.6752115804566, 459.31727667892454, 500.7573865959602, 566.3879146268977] adv labels  [0, 1, 2, 3, 5, 6, 7, 8, 9]
img 24 UNKNOWN
91.13188481330872 seconds
analysis precision  18 /  25
