netname  cifar_base_kw.onnx  epsilon  0  domain  deeppoly  dataset  cifar10 args complete  True  complete  True  timeout_lp  1
{'1': (8, 4, 4, 3), '2': (8,), '3': (16, 4, 4, 8), '4': (16,), '5': (100, 1024), '6': (100,), '7': (10, 100), '8': (10,), 'input': [1, 32, 32, 3], '9': [1, 16, 16, 8], '10': [1, 16, 16, 8], '11': [1, 8, 8, 16], '12': [1, 8, 8, 16], '13': (), '14': [4], '15': (), '16': (), '17': [1], '18': [1], '19': [2], '20': array([   1, 1024]), '21': [1, 100], '22': [1, 100], 'output': [1, 10]}
This network has 3172 neurons.
concrete  [2.4635977897746373, 4.272610250037136, -0.9091011297274559, -2.073021668261834, -0.5690080647567687, -2.595941862511031, -1.7657634100147146, -1.9335886795753545, 2.279503710945537, 0.830631924785888]
nlb  [-3.4240418924396305, -1.5957099578218203, -3.8577015824735756, -5.084849325053711, -4.147347562197672, -5.846266244517507, -6.742385867798256, -6.0319080727435495, -4.494428404269159, -3.831466707560416]  nub  [7.364867133833582, 8.983567000623482, 2.197048969189713, 1.251904084330726, 2.689991787089892, 1.1911432763062078, 2.592355162306153, 4.48560686634504, 7.898475683984773, 5.094296451610484]
Academic license - for non-commercial use only
objbound  0.0002231605033868305
img 0 UNSAT 1
661.3661749362946 seconds
concrete  [-2.6174263338437713, -2.3389665002848337, 0.5067235463660925, 2.983170993684099, -0.017793307789359256, 2.450662526426249, 0.7886493993054969, 1.8482692209826734, -3.77581328474701, 0.1725265917476763]
nlb  [-4.257859003367331, -5.760302626015142, -1.317404739863892, 0.6337894085235706, -2.060765044921246, 0.26120651458737937, -2.14837575855049, -1.6098975023759294, -5.916342937476481, -2.9406684107045096]  nub  [-0.6427052531399811, 1.913416001341532, 2.428967451841471, 4.3790404690359415, 1.8256357542134434, 3.9111538171455824, 3.477945284390111, 4.789159781355562, -0.7724961234640005, 3.482662802222772]
objbound  0.0019225457150107
img 1 UNSAT 3
54.37484335899353 seconds
concrete  [0.47868129491177125, -3.39312354502287, 3.345052224828929, 0.4999723366352609, 2.8767156454923186, 0.8103704535100581, 1.31651197233502, 0.9230568415595996, -3.5434345418086135, -3.3138767923169508]
nlb  [-2.5848296418676724, -6.798567790425797, 0.5754946187692622, -1.8110094890513204, 0.4200319868462887, -1.6719092433412193, -1.381906594602816, -1.9779232386165155, -6.2741753781911465, -6.146293822399061]  nub  [3.2327232912479666, 1.3130811529973954, 4.981858470205583, 2.390090549193775, 4.428652316172424, 3.0607857052660843, 3.226813618783875, 4.577657043061706, -0.38624992655385576, 0.37842330703789234]
objbound  0.00015646093035778146
img 2 UNSAT 2
893.1170332431793 seconds
concrete  [1.8659851303508788, 4.34652312032433, -1.499413895833559, -1.381529777422648, -0.4645447325891402, -2.3783919159609934, -2.6985168893338254, -1.606402998946641, -0.04616349783927509, 3.8625524459177623]
nlb  [-3.1567479797332467, -3.5745296233689565, -4.645677162313721, -5.530207768462007, -4.716449741487463, -7.246869734413082, -7.831409344149276, -7.356574156523161, -7.548842546135452, -3.1191186936245034]  nub  [8.259165925132308, 12.14227799990757, 3.1326931523258694, 1.8981863464968962, 3.7130278109198063, 1.8689253332077236, 1.7564275923931585, 5.643158744687368, 7.853937417284538, 9.434097522109811]
objbound  0.02474925599683066
img 3 UNSAT 1
447.54513025283813 seconds
concrete  [2.279729848670589, 0.28137821546188113, -1.2206379894162498, -0.7786781427443875, -1.1182403722718308, -1.112650457404378, -3.336242265279294, -1.7365782472219804, 6.499208176416276, 0.24271420713071257]
nlb  [-4.981464262859797, -9.145238495281172, -6.354048816266777, -6.382625406739583, -5.801582087031622, -7.353139561586978, -9.636767840870148, -7.872875035993844, -6.472382025505882, -8.38607008464253]  nub  [10.687135429283737, 9.942568905063034, 5.448207368728062, 3.919925020160651, 4.586903659471273, 4.289916116762603, 3.1929246266009765, 7.491576500558853, 15.080584955974683, 7.84618430350264]
objbound  -0.21826362103886127
img 4 UNKNOWN
3592.6896953582764 seconds
concrete  [4.3218685022402, 0.6784142272304011, 1.4642285806950648, -2.072267333162589, 0.34381835030387287, -2.5281673343413145, -3.273987462982565, -2.205634510421189, 3.975718374739869, -0.7040536674611287]
nlb  [-2.1949502260018514, -6.408009582226072, -3.563090176119377, -5.536936922721555, -3.448800225321356, -6.572673476522011, -8.010246172447513, -6.775196321035454, -5.7575725131412305, -6.647377586725299]  nub  [9.205158126530566, 7.978084446973276, 5.482643767918035, 1.8995011056067777, 4.343781509763552, 2.129650201220862, 1.3805806302951515, 5.695691626021219, 10.580147918637294, 5.4801913113801275]
objbound  0.07066440309904332
img 5 UNSAT 0
120.17690896987915 seconds
concrete  [2.073387513548405, -3.3376020257537773, 2.9871771202333246, 0.32113919501665456, 0.4136247772940252, -0.030488664875668803, -0.5004653155878269, -0.670634669589012, 0.29987405119645794, -1.5558478037855894]
nlb  [-0.7717647106619465, -6.769139712293385, 0.004902271652215953, -1.9243576494915415, -1.949450236781351, -2.596500984507933, -3.7689320412955696, -3.611805558283394, -3.863789236717982, -5.413133214674573]  nub  [4.845512657933243, 1.375717700713414, 5.3337490426091385, 2.3688156408419627, 2.6110355094938393, 2.1489782285818917, 2.373692851815494, 2.48774036693372, 4.266032638664871, 2.1568297889364136]
objbound  0.08611524598046502
img 6 UNSAT 2
71.28352808952332 seconds
concrete  [-0.1117695478725403, 5.023594014683889, -2.0067919723814636, -1.6723327784087998, -1.8897388793879015, -2.1218125037029463, -1.2782431396400844, -1.7660389913623449, 0.6924354337224019, 5.130728267984846]
nlb  [-3.808304321899817, -2.699246825105846, -4.8627016304605535, -5.536554343312987, -5.168883533758529, -6.31675738526193, -6.505502478226994, -6.405490883092506, -6.176782536353533, -1.8030075176839082]  nub  [5.410103651192632, 11.626122284339953, 2.4143510568179543, 1.4545776754750863, 2.3365738769765985, 1.9518405821611255, 3.205863998984109, 5.934862862119406, 7.11705713138752, 9.978780254976423]
objbound  0.10773649752940792
img 7 UNSAT 9
564.8480894565582 seconds
concrete  [-2.5712916637768757, 0.19833366955112383, -0.1522995205514809, 1.328652685010358, 1.610321016017682, 0.496242694530669, 0.3554865898460366, 0.7854484745632522, -2.7225359226598647, 0.6715334849312581]
nlb  [-5.931656462279721, -5.548963309863986, -3.615175105774576, -2.363000111191003, -2.138826724083199, -3.450598239039742, -4.981160423845617, -4.270816676316932, -6.930352378739338, -4.2529138677566305]  nub  [2.6150660215397314, 6.085271930959311, 2.971452661023751, 3.699655276313447, 4.295554631907303, 3.467591319311662, 4.301012328584475, 6.684537504517666, 3.819673493799057, 5.1091269659002805]
objbound  0.029491824403690848
img 8 UNSAT 4
616.371497631073 seconds
concrete  [0.5043542177262113, -5.2652482458619705, 4.316575406453192, 0.6605768125784022, 4.503710889540915, 0.6238266358596385, 2.537778428048891, 1.2936969679667198, -4.112371185401222, -5.063016003325699]
nlb  [-7.639752735531528, -12.114595059697123, -3.2643967890477095, -5.324643361160232, -2.363260202563439, -5.706918023223002, -5.128286675251949, -7.288349534001963, -10.875927883057859, -10.939997784738607]  nub  [7.399116655484078, 6.563439088511905, 8.434506121127335, 4.693400372579047, 7.862893016456136, 5.502926469757075, 8.817337252011047, 10.85040547679643, 5.27273840330482, 4.796225978930969]
objbound  -0.35358200769587994
img 9 UNKNOWN
3593.186904191971 seconds
concrete  [2.5569665499300425, 0.7203352729772641, -0.45844259499900003, -0.20228274837612592, -0.7386543124950562, -0.30248085275230824, -0.6251123848377035, -0.6426785486109579, 0.19857212508724556, -0.5062208341661569]
nlb  [0.6482573440310827, -1.3277234446242077, -1.649023267199811, -1.3517875558177814, -1.9994260002114528, -1.643765792142393, -2.2625293586949207, -1.9436135755190045, -1.976188807400691, -2.1104151055150466]  nub  [4.398838433097615, 2.9968305813921643, 0.8009977713593021, 0.8381433165195299, 0.3976032666665261, 1.0586567263886955, 0.8241192745792176, 0.49074866195270245, 2.1864207002043328, 1.3868280176253736]
objbound  0.0013347127490381304
img 10 UNSAT 0
211.7031171321869 seconds
concrete  [5.076354953594476, 1.1767818189472574, 0.12051159437378853, -2.2051347459563324, -0.5142113825874186, -2.7414583656167033, -3.3839816978299146, -2.414699313996937, 4.331324522626882, 0.5544987857907592]
nlb  [-1.7139580894662607, -6.354962235661746, -4.4550953000777795, -6.712641528868427, -4.196796925829772, -7.907484538020902, -8.789724656506134, -7.286508640670086, -5.815442739846097, -5.9102558669726815]  nub  [9.99747592495354, 9.039018622807923, 4.70689370935958, 2.116077370749454, 4.227952963986649, 2.019506483025019, 2.3799430442880403, 7.110435722120914, 10.809431589738022, 5.7036581409235305]
objbound  0.01454938669772338
img 11 UNSAT 0
920.7040243148804 seconds
concrete  [0.05940441773963643, -3.6896176335562116, 2.221280581128952, 1.0988214817194508, 2.9487539921591006, 1.2531641986885567, 1.8876701421170092, 1.0266144221289304, -3.3298869128119235, -3.4763058256289976]
nlb  [-4.643662032056014, -8.007647910418013, -2.455083961990568, -2.6445808684573793, -1.42447400680575, -2.6656079401107062, -2.745598790581675, -3.8319026751625964, -8.012838664469227, -7.382570607516164]  nub  [4.473732715256199, 3.74287235111588, 5.171138545481965, 3.466697803516095, 5.29359148812981, 4.128696595111669, 5.735137160210258, 6.193827528937139, 2.7213082322745, 2.759464773320624]
objbound  0.03594300935217235
img 12 UNSAT 4
1111.642405986786 seconds
concrete  [2.3781220725931913, 0.6027869589383921, -0.24425982740265534, -0.6467540158198662, -0.35755907359464933, -1.8349803341160036, -1.271038915870737, -2.233003094800664, 2.702940913765761, 0.9037392022414578]
nlb  [0.3595505820617977, -1.9984265276173525, -1.5000681616158937, -1.9896874181527622, -1.4615836419602501, -3.332398447195949, -3.1840351346100406, -3.6270844845518866, -0.1343533225214827, -1.367189296826751]  nub  [4.098960049946737, 2.802071091161926, 1.1476014980016975, 0.7345312526133446, 0.9742705392856325, -0.19707555464843754, 0.5405828409664176, -0.0032837586939613818, 4.94715430346621, 2.711178972290233]
objbound  0.017721075481580858
img 13 UNSAT 8
1039.0603489875793 seconds
concrete  [-0.027400467142787526, -3.857897762465283, 3.6125730653239434, 1.0092832589102765, 3.3903255279184115, 0.9782394696478219, 1.8168218063395107, 0.3824310382958149, -3.396919790911864, -3.907590819850665]
nlb  [-5.349295147640936, -9.060058143365683, -1.3749727470578132, -2.923330966330711, -1.3155188861007006, -3.2987416364809174, -3.2096131722978476, -4.544882904235317, -8.00145198647505, -7.982739790274416]  nub  [4.282485454457509, 4.593470072821585, 6.339220237262787, 3.959650196097204, 5.89527507977453, 4.47988607960852, 5.967655382880386, 6.993079052137335, 2.8429388786461853, 2.8056058934858368]
objbound  -0.4765572218188234
img 14 UNKNOWN
3592.8270180225372 seconds
concrete  [-0.8554680430452373, -2.4056419467193497, 1.9437308941297258, 2.744761267160105, 1.02792798690577, 2.9489032537596565, -0.15837295751844296, 1.6827595749468622, -4.277651562842395, -2.6510070810519557]
nlb  [-4.18052625771714, -6.617294273699912, -2.0776689097964067, -0.9225196154240165, -2.218438993914823, -0.9615343039956493, -4.432727393520324, -2.729005560489779, -7.513299820716001, -7.100612712620966]  nub  [3.6881079988031478, 3.2582700542929537, 5.046050771315242, 4.552508592638887, 4.259723720959543, 4.944950022005, 3.1229900365070415, 7.128235894175068, 0.7876670268573662, 2.470856652419311]
objbound  0.03773982143556027
img 15 UNSAT 5
180.31471276283264 seconds
concrete  [-0.7840603890046272, -1.43013297853601, 0.8538501490688045, 0.5918686657160488, 1.3325251487849332, 0.46748378206147995, 3.0616228588738106, -0.10997825818726889, -2.166554890312189, -1.8166635989875932]
nlb  [-3.561195970103077, -4.563775313259105, -1.1342811424989192, -1.4696151022452397, -0.7436991118925059, -1.7936238988840907, 0.07886595110152207, -2.721857149532457, -5.291602167287819, -4.1150679260135865]  nub  [2.059532312768088, 2.533341758708056, 2.244892003744423, 2.3132793353499133, 2.759558347330886, 2.415954008321612, 4.9708919132821725, 3.0044076488771227, 1.417527559205499, 1.1802224100217533]
objbound  0.004596571305871138
img 16 UNSAT 6
98.32120013237 seconds
concrete  [1.0357638139940992, -1.1430373033767145, 0.8130047080592596, -0.3865347409267728, 1.8738906527146608, -0.4888896872665511, -0.8826678175181129, 0.4617426829090608, -1.554657587429696, 0.27134967629789936]
nlb  [-1.3909535870793936, -3.911276222667253, -1.3059958949388832, -2.1708616269757273, -0.4092387354849594, -2.529996384427262, -3.4025234692789392, -2.316108891997747, -4.604004607973559, -2.667375074739009]  nub  [3.536325622874534, 2.135263737644842, 2.846056284556907, 1.152697599971452, 3.8011515512615492, 1.196221910492847, 1.0755617440159448, 4.080432140948459, 1.323309383530486, 3.1648446298137882]
objbound  0.06342689001296967
img 17 UNSAT 4
732.3059685230255 seconds
concrete  [-1.9501460927634313, -3.703255044207169, 1.436544168132805, 1.7361848893800165, 2.989572213393636, 1.9473173000892878, 2.6759224854547186, 2.375466598093178, -4.281135020671906, -3.2265939909214114]
nlb  [-6.469499755301997, -8.285077910904768, -2.996001714463786, -2.876189661770452, -1.835857104076305, -2.8280802604135813, -3.9617189618539395, -4.79698583858536, -8.605457829196506, -6.9691999775447275]  nub  [3.387184056385477, 4.813399592433517, 4.68254561370953, 4.20747107899447, 5.705479266240657, 4.853815094715246, 6.835185251382608, 9.660356514258543, 1.810692713136564, 3.449469778852866]
objbound  0.04097111412002285
img 18 UNSAT 4
1538.7784583568573 seconds
concrete  [-0.9581087018786166, 0.9202454039869626, -1.1035782642087784, 1.2646027294756392, -1.2204117498719873, -0.6518201725723733, 3.6845890656519815, -1.1917818873399362, -1.3437977225801996, 0.6001086161840564]
nlb  [-2.5455382867261678, -2.531645220355849, -2.4832208597493852, -0.18459875147437613, -2.5278393484997137, -2.377741281106713, 1.0118917489324433, -3.394319109896579, -3.6724323832068313, -1.7361471724414215]  nub  [0.8617670114838011, 3.991605638300621, 0.4957392574694932, 2.4993717015394408, 0.27460081390667435, 1.0324301276432273, 5.395352473930775, 1.7837382552223555, 1.1653740200650855, 2.884140829150064]
objbound  0.005640017766533224
img 19 UNSAT 6
52.88562273979187 seconds
concrete  [-0.428614420222135, -2.4036077493339176, 1.3723884095543173, 0.5587773417667173, 1.9876480460571073, 0.24978854778757803, 4.340100264736441, 0.5797755644643542, -3.809255816477289, -2.447037693835165]
nlb  [-5.927496126481171, -8.5757997565368, -3.3029995378805617, -4.064395374299645, -2.360725306084733, -4.637020632952541, -3.396305807691243, -5.178753188771277, -9.60784808821092, -7.634648206051096]  nub  [5.091605498617564, 6.04913402442743, 4.6354156694810325, 3.732496821578982, 5.135208341432485, 4.082442575384375, 8.622747346849906, 8.359853933990719, 3.1303235037675967, 4.270379433381542]
objbound  0.015541483513096484
img 20 UNSAT 6
873.2715656757355 seconds
concrete  [-2.850561924922353, -2.70936671178687, -0.17135010785689989, 2.165060503085481, 0.39966442805577246, 3.8528728028214903, -0.5748979851684549, 2.5185229283505306, -1.0365329177213924, -1.593607739769659]
nlb  [-6.654254063056449, -7.801247084206304, -4.4360450498263555, -2.36502526248785, -3.689303288990951, -1.4019329242452365, -5.602139422129627, -3.0906738617926535, -6.036312469206711, -6.699030639073188]  nub  [2.4908717267662794, 5.781078200422382, 3.7013005051009933, 4.734833983609427, 3.7161336485749783, 6.672119778587516, 3.510653659560303, 8.761034253299389, 4.544273572068449, 4.50557991859131]
objbound  0.039819970474836555
img 21 UNSAT 5
649.7806839942932 seconds
concrete  [-1.1745353066787976, 5.967693036139918, -1.7414544116319077, -0.7691323467730891, -2.0312557234383193, -1.1514372265127122, -1.821566731759743, -0.8153053896828886, -0.9086313660158455, 4.4456296731761515]
nlb  [-3.975860073000763, -0.8936189642118711, -4.580495283678908, -4.042062039087117, -5.157153452765676, -4.743925692015079, -5.430061708880243, -5.612940557829246, -6.724684410298292, -1.2754868999572462]  nub  [3.399233395833252, 11.323315530605257, 1.3375499609399875, 2.2650466521403385, 1.7345326918758435, 2.081560268661542, 2.5445523738945206, 4.785560177801509, 4.989254564586096, 8.29201257849955]
objbound  0.1061697793474911
img 22 UNSAT 1
352.99372124671936 seconds
concrete  [0.6917900643627877, -4.485844941523351, 3.206722132731569, 2.6553703218234475, 0.586883167764386, 1.9061417719620404, 0.2762117012559522, 0.44992299857922674, -2.32540664239005, -2.9616699703160045]
nlb  [-2.3581837751852417, -7.068329534161938, 0.039899891109564316, 0.4052527170755397, -1.9147386793882906, -0.5300266594933186, -3.2792348139105236, -2.3207995308450093, -5.588805642587276, -6.374449016613906]  nub  [3.331582826493651, 0.6485861315490565, 5.562817534637621, 4.090415877027406, 2.7461271886626175, 3.711441845125694, 3.351700220608711, 3.067166987265646, 1.3591200639345498, 1.3916757823119388]
objbound  0.007755536061154053
img 23 UNSAT 2
174.1296944618225 seconds
concrete  [1.484972464558553, -0.5985609300915645, 0.01100391101809294, -0.4900534240869119, 0.8426324644239745, -1.2008647890559234, -3.1836992113341323, 0.3700977096679913, 1.901116019164246, 0.8632835872284923]
nlb  [-2.817097597794909, -5.921314476097617, -3.376489611025867, -4.006565775369931, -2.3477251446263114, -4.846652520265238, -7.122677061848919, -3.6530962107865, -4.423574104404965, -3.4076220401841155]  nub  [5.648441734443871, 5.922208470717553, 3.114162893666352, 2.195162872443407, 3.83777981510361, 1.8221999679971201, 0.1966171808922814, 6.241303123312795, 7.526481510800963, 5.542613293205349]
objbound  0.004605893992661836
img 24 UNSAT 8
153.8007836341858 seconds
concrete  [-0.6925494568543202, 3.3310183006939176, -1.7607847123874532, -1.010187596759191, -0.46163753389591416, -1.3883957179051407, -2.009162176267025, 0.30021225851464073, -1.1765949286106074, 4.868066863137503]
nlb  [-4.366047139793826, -4.153328442089511, -4.780617954830379, -5.33108205740303, -4.523214221328716, -6.2860482793815375, -7.019547744684392, -5.881149390336979, -8.275063591576272, -2.4243516141197126]  nub  [5.88840366667818, 10.09013262351396, 1.9289914916406083, 2.4627289388872255, 3.506716743388602, 3.0161349027190236, 2.8855447762203723, 6.789641500042185, 7.427091578997815, 9.810480149352925]
objbound  0.0025617079868987752
img 25 UNSAT 9
252.3620147705078 seconds
concrete  [-0.8413632468270332, -1.6748267545220212, 1.2620360447217331, 0.636911473138263, 1.7649981950122073, 0.046481398071973164, 3.6746463549585693, -0.7093631166328953, -2.0200378081112995, -2.1395517395449537]
nlb  [-4.662456423948573, -5.950013924675289, -2.0406343711233057, -2.353856374426332, -1.442230842470216, -3.215838787446701, -0.7016247304802934, -3.983942882866798, -6.172974840062712, -5.503269390541393]  nub  [3.0774764852626633, 4.357400228758729, 3.598010276013107, 2.70363661577924, 3.7706459977943982, 2.616922283881963, 6.398368907741959, 3.6328427250152293, 2.9239257122048325, 2.7518806231551496]
objbound  0.004044894470686572
img 26 UNSAT 6
756.0061025619507 seconds
concrete  [-0.7703101666570371, -0.37834296667581413, 0.45231655809569066, 0.6064613359475143, 0.2657671358602711, 0.5213672798737331, 0.8477405288051991, -0.02579245925948009, -0.7825683498785474, -0.7366415795605566]
nlb  [-2.2639288108446496, -2.2248957992111844, -0.5377722232188638, -0.4971308020665331, -0.7910089190699083, -0.7421314338944859, -0.6309717886165268, -1.2806290763281432, -2.700022993436261, -2.2237565627120843]  nub  [1.019734057741755, 1.4071399955472874, 1.4127910570853208, 1.4510288527746047, 1.3307830020728801, 1.6540868641135922, 2.0716048879251083, 1.420492411326178, 0.9971093594849152, 0.8269682163254164]
objbound  0.0008879318141035162
img 27 UNSAT 6
127.03149557113647 seconds
concrete  [-0.12119300083398508, 4.237400073017723, -2.0389645630276587, -1.4297038208686845, -2.1945842321957123, -0.9447721927779802, -2.3442859968945324, -0.7384501840056433, 0.938709996080296, 4.6358061930446315]
nlb  [-4.086153374284775, -2.823624296063952, -4.717464002388046, -4.431006307084115, -4.900508216055322, -4.567688783946612, -6.236664961338722, -5.135913920067431, -5.836189229146044, -1.6821768645710318]  nub  [4.137292160836617, 10.498734441946374, 1.4273567533696323, 1.755267524330706, 1.2485014366090592, 2.3972912164761055, 2.2678768547378345, 5.352090480354432, 6.150130454264102, 9.043848406240489]
objbound  0.027560268239094843
img 28 UNSAT 9
213.48637437820435 seconds
concrete  [-1.1382633045123507, -2.556667045654066, 0.04139249461904996, 0.09469142769401895, 1.5940683987064699, 0.14491385257207084, -0.24415504972477464, 6.161410456899933, -4.0471987431416405, -0.05019607594547819]
nlb  [-4.770661833338196, -8.065179580591945, -4.224285842393077, -4.5217282377924075, -2.929960818664906, -4.988537856322463, -6.750062079759966, -1.839545108204188, -8.324188220700462, -5.212828601177106]  nub  [3.8769713008067423, 5.975316902147183, 3.753654912182145, 3.1956882388777195, 4.63373320646458, 3.5704007245191836, 4.417902299506885, 11.61975133828835, 2.5222897500168124, 6.892245466053128]
objbound  0.1158401519701792
img 29 UNSAT 7
1110.1219029426575 seconds
concrete  [-0.7343488596548587, -4.791756984390145, 3.388529271337047, 1.7353883389226232, 3.3685148818476898, 1.4679866997424125, 2.973851188035214, 0.16386449401638237, -3.3668241702194748, -4.205365561592679]
nlb  [-7.181259873046674, -11.180747807630857, -2.25192587740914, -3.3512501011449687, -1.6593283227404303, -3.9725363866818144, -4.401240545379617, -4.9360239440855045, -9.000261694575128, -9.632572541819048]  nub  [4.919925429642411, 5.155523192254911, 6.895417805911072, 4.9709834922415395, 6.56624638887305, 5.507124273054787, 7.659455437143866, 7.980874993012175, 3.0875224681777085, 3.6920671719997333]
objbound  -1.4186792189017552
img 30 UNKNOWN
3594.4062871932983 seconds
concrete  [1.3284929271402166, 2.7621602886301995, -0.1804215156360256, -0.7612183561003502, -0.6122236887720072, -2.0514922173565298, -0.8366610753077862, -1.34641701074069, 1.2398330495638565, 0.4579113833693147]
nlb  [-3.1697393923496984, -3.4116873950505053, -3.217822381108696, -4.085411774194457, -3.905750982630632, -5.398423490863141, -5.473010638385298, -5.218454704789982, -5.445739570694729, -4.20327583377299]  nub  [5.871608525657659, 8.816073597847788, 2.640325469820203, 2.3784431331436675, 2.2199345186805224, 1.7763369515100111, 2.848877077193005, 3.5817384171069166, 7.123357150322729, 5.3883023996163635]
objbound  0.008629479252317829
img 31 UNSAT 1
842.0233552455902 seconds
concrete  [-2.027466540126537, -3.038628097982902, -0.22261382687867723, 0.22166594064180684, 2.763372988108191, 0.4004815754212961, -1.300383039186171, 8.215127438630015, -4.032746427556014, -0.9788317692359384]
nlb  [-6.529039075983712, -8.937623176678205, -5.319072242162223, -5.3806151459077824, -3.396276207294717, -5.802761037393043, -8.794464164432176, -2.915174330618874, -11.036621778653128, -7.10031146123784]  nub  [4.790574340227488, 6.967515020277291, 4.4020642512744415, 4.272338513217542, 6.87025865043232, 4.8625827781317765, 4.76323894922638, 15.954574966862133, 4.528957802144344, 6.890398354729686]
objbound  0.025388292002522
img 32 UNSAT 7
1660.6365871429443 seconds
concrete  [5.25673213045158, -1.626725611981091, 1.4506250286713425, -0.8796200798653052, 0.640531687101524, -0.9535327520575542, -1.0581311451525173, -2.4936752287735042, 2.291800420882798, -2.628059470987134]
nlb  [-1.9584149032637777, -8.467851696400265, -3.961378141320011, -5.7017554976685245, -4.417833683682036, -6.808051770075133, -6.957005103078722, -7.704458714654987, -5.705443591741698, -8.776081119546616]  nub  [10.688916742545187, 8.906937756753882, 5.5201636114432455, 2.8789161993946384, 4.752409753563884, 3.270229568508406, 2.904690241836994, 5.0146211467781185, 10.958055947931639, 5.473065078210922]
objbound  0.005623409242376357
img 33 UNSAT 0
445.2115669250488 seconds
concrete  [-0.5062940788456491, -3.544538442685028, 2.3842550111467458, 0.8603965771362628, 2.505527646584074, 1.0381469252177367, 1.545238083835345, 0.6360573385827983, -1.7505956815425252, -3.168261695400391]
nlb  [-3.358372021592562, -6.2358678365134566, -0.3310953199310571, -1.649734751200232, -0.08458086433163912, -1.865514825943503, -1.5578191613959989, -2.5585114046651936, -5.569869723893312, -5.2498719420154965]  nub  [2.44916751249741, 1.1343509099678555, 4.233772967081164, 2.486141406958985, 4.319279153815934, 3.1123996383366572, 3.9165816708298364, 4.1521447218653735, 2.121525696243336, 0.3942272966508656]
objbound  0.0068968868117367434
img 34 UNSAT 4
1783.6445815563202 seconds
concrete  [-1.336413210421114, -2.311393249337409, 0.8705154500238838, 2.474581076695982, 0.45299235979225116, 3.3521466932696304, -1.442990126331705, 1.8422888120470235, -3.0409936419949046, -0.8608690119820909]
nlb  [-5.8263339877955564, -8.658546197237113, -3.9519702062339843, -2.704927036611004, -4.473623368507495, -2.486660568644549, -8.553310323137868, -4.505644407991879, -9.257156970063294, -7.141518688580548]  nub  [5.562164869713707, 6.4981263536940315, 4.710851152573025, 5.23409221580139, 4.597207290426788, 6.440998347128422, 3.3213070843536316, 10.537907997660085, 4.225977347726309, 6.3414620000366755]
objbound  0.06108995767839934
img 35 UNSAT 5
642.7246389389038 seconds
concrete  [-1.4840406863193114, -2.306059089221776, 1.9272513991674713, 2.3568568436001587, 0.909729125619909, 2.1742173999906544, 1.5606899419658906, -0.02450728761759342, -3.1462129582589027, -1.9680215389488616]
nlb  [-3.990253959989114, -5.347143454759684, -0.33464054770698315, -0.13924009318952751, -1.529255521581085, -0.6024605071944719, -2.007970703677456, -2.2893755567074865, -5.806172821000825, -4.9052976894769325]  nub  [1.727054610400425, 2.128393140514206, 3.366155845236282, 3.7587589852988557, 2.822748087037547, 3.9178434102926736, 3.7523534612421257, 3.0411734218029216, 0.6187331457686082, 1.8439743072307866]
objbound  0.0011986275634747077
img 36 UNSAT 3
1448.4217402935028 seconds
concrete  [-1.3398252866604894, -2.070392880866701, 1.784839175204236, 0.7811082899456874, 2.3049498737921117, 0.319909441808414, 2.8253341210058687, 0.1969271300122628, -2.832206032327578, -1.9707212508722671]
nlb  [-4.973376294686916, -7.14677961617252, -1.685147683799476, -2.4735409540227415, -1.0970433022068105, -3.230970589398825, -1.6315227962902457, -3.6277613808615055, -7.068529309679469, -6.451744278831093]  nub  [3.5346010711341362, 4.039495190890818, 4.519626503945379, 3.0725001117832287, 4.654189929099266, 3.1501309277229823, 6.685506487950424, 5.223278215725239, 2.3394340279198107, 3.00277309567169]
objbound  0.008060898799282103
img 37 UNSAT 6
867.9754631519318 seconds
concrete  [-1.238921931690393, -0.7079190704886736, 0.49213784520738557, 0.7546503239565495, 0.500566922530427, 0.19133049958324788, 2.6209249028187247, -0.12908419158609624, -1.995060363732601, -0.48869438141929944]
nlb  [-4.487788808176158, -5.764194392015555, -3.3216285603927003, -3.072488640014118, -3.5256171176445683, -3.6738141361382204, -2.12656080951577, -4.269036877431305, -6.18657055854702, -5.085412778332181]  nub  [3.5380238647759157, 6.476520870586025, 3.1146988448430513, 3.21295221575672, 3.1339137193806317, 3.140060713575665, 5.607570052099191, 3.7410984455572955, 3.911158425350724, 5.125384348248568]
objbound  0.005514079849220814
img 38 UNSAT 6
2693.7668118476868 seconds
concrete  [-2.488219119962641, -3.024525479648656, 1.3276770382581808, 2.3623191938406167, 1.1021798866578445, 2.7727315662172174, 2.2262664801482286, 0.13297607239204146, -1.9941801472342215, -2.4173800149167275]
nlb  [-5.792722061388234, -8.53519226549397, -2.7742100253646598, -1.775506983473503, -3.0968732087656736, -1.946257993578927, -3.4108138762386453, -4.31514899562209, -6.445179868091569, -6.6880547447367995]  nub  [2.5651593021007013, 4.803477909950897, 4.457599109565125, 4.672942667553673, 4.2688377736031615, 5.695920626060931, 5.963342728579073, 5.811951736976796, 4.224423388903037, 3.5672983001629643]
objbound  0.0038544201505872153
img 39 UNSAT 5
791.2219018936157 seconds
concrete  [-2.085109008370078, -2.224096306369282, 1.4488172985567902, 1.650179868219423, 1.7492609301003734, 1.2766105649787571, 2.879007794885357, 0.4345746774809612, -3.1880593851487875, -1.9412770180814805]
nlb  [-4.1781760239846495, -5.796743659601437, -1.2228468399809915, -1.0384923728871491, -1.3298412985997055, -1.6218354006335747, -1.1378158028310756, -2.3759183258813152, -5.5451944943354015, -4.836837314572816]  nub  [1.2242180217878362, 3.1663730751016717, 2.9580553914039673, 3.2685509031031432, 3.3667930706092624, 3.375171840941111, 5.059109588021283, 3.8217768160288683, 0.3511428266508874, 2.09814971784162]
objbound  0.10475517168530642
img 40 UNSAT 6
128.2911286354065 seconds
concrete  [-1.1580696945525535, -0.724761501822214, 0.7047544468775028, 0.5483158324298721, 1.2818153589714016, 1.1678420823048508, -0.3633855863785821, 2.277119469416439, -3.583212330125162, -0.15048618994445634]
nlb  [-2.63469860774336, -2.777543752672878, -0.5603190351824539, -0.6495130167033158, -0.16159260698640632, -0.32115208479172236, -2.0764532155956004, 0.6062448975228065, -5.205191916135979, -2.112500634347794]  nub  [0.5403606808865457, 1.4085298028966526, 1.764733033643141, 1.6224816973743437, 2.4342894055003548, 2.470157734308999, 1.172806203713539, 3.747563958552655, -1.501161729812047, 1.9164789604072026]
objbound  0.00023026420352295998
img 41 UNSAT 7
122.46696019172668 seconds
concrete  [-0.429070586076326, 1.6121567938209258, -1.3619414826849139, -0.7225133485163963, -0.6100825755984824, -0.6566031344873368, -2.6117830798505057, 0.40749211969334453, 0.47361990682150606, 3.8988694888551794]
nlb  [-4.343684264994831, -4.694056227680202, -4.828501017639718, -5.00735941105087, -4.277805012696814, -5.206414194184045, -8.372803338459885, -5.3898490765980585, -6.115046634907529, -1.9015446393864888]  nub  [5.181171064562042, 8.645394652622423, 2.3262650502024727, 2.4141594032737466, 2.863474907652612, 2.8540894963679815, 2.8128642818020735, 5.920555867242155, 7.168139265302154, 9.284096306833742]
objbound  0.018335329483287723
img 42 UNSAT 9
503.77313017845154 seconds
concrete  [-2.453419919354975, -3.9693951655769193, 1.881718720454135, 3.023004168096637, 2.1574118718051056, 3.347182695637153, 1.2316441703469312, 1.2799974675979597, -3.2570658888710664, -3.241229597005778]
nlb  [-6.256256944564102, -8.562120813367661, -2.5018319528218447, -1.9953896836987195, -2.590551700892769, -2.210335305555591, -5.471072352619619, -3.444430243311239, -8.156102441208358, -7.677438942927048]  nub  [4.186757971226158, 4.49262810251855, 5.150330551220406, 4.864724427152305, 5.381682040256483, 5.67450138057671, 5.268580947370716, 8.164660589641281, 3.163091545404065, 3.3948668785927194]
objbound  0.015133505267541432
img 43 UNSAT 5
750.3507218360901 seconds
concrete  [-0.6234242102929453, 5.07970326448213, -2.524574356539194, -1.4045577706582044, -0.3563929292494828, -2.263542420374498, -1.3084436280035296, 0.2373234277143134, 1.3191656122615252, 1.8446867543047794]
nlb  [-7.695884071678498, -5.071612749576237, -7.2886739333763275, -7.522500107821184, -5.914842958575469, -8.653140183029498, -9.2064794329015, -7.352844410584808, -7.912440416305779, -6.616490008643408]  nub  [9.124159196389423, 14.27518130572505, 2.9844731292213855, 3.4746838672525655, 4.379063566367389, 3.5491936604783976, 4.736436448974653, 9.635899354277358, 12.104085818097875, 8.71279274528727]
objbound  0.0325745405889899
img 44 UNSAT 1
528.8037481307983 seconds
concrete  [-1.082804823845805, -1.9963321764048418, 1.9406609181412064, 1.4708081256921295, 1.0156805344850208, 1.6087552201839788, 1.2711432472390605, 0.5690095588723924, -3.35348261700225, -1.4435036546518532]
nlb  [-1.7003150036520085, -2.9097036641994762, 1.3769704946740793, 0.9909838988604366, 0.4391085766048565, 0.9730476221386218, 0.466536817302699, -0.011188735662369274, -3.9162461850069534, -2.2246240015798353]  nub  [-0.45926941638715046, -0.7782294672121256, 2.37486782860299, 1.9146855910157579, 1.4826760973265005, 2.2055996171494496, 1.9170522499732843, 1.0899369435148483, -2.7728078523527055, -0.47611732534815787]
objbound  0.00010267899647503378
img 45 UNSAT 2
39.98654818534851 seconds
concrete  [-0.06071944008393281, -1.1041625902564685, 0.7596573896530718, 0.7965532063545105, 1.486752478443481, 0.654234472116845, -0.257716257591305, -0.2492829576031151, -0.3264572320810036, -1.699035958552042]
nlb  [-2.8462823338039196, -4.737737987541113, -1.5909640069814364, -1.587910758243807, -0.899862013848608, -1.8572724762043278, -3.421848262846072, -2.4822406168358473, -3.6872160001643057, -4.9246171822693166]  nub  [3.380452514144747, 3.1114534643478233, 2.933560747482018, 2.6059655333460165, 3.495398656644421, 2.7632057380869237, 1.923437340783521, 3.0949491738972226, 3.45643204300996, 1.3340929104462123]
objbound  0.009940744552949821
img 46 UNSAT 4
132.20740461349487 seconds
concrete  [-1.6815698579809732, -4.832613509562679, 2.3144828406972495, 3.545416164013943, 0.6801557174163789, 4.152824017587051, -0.42549834105379936, 1.0386412517932562, -1.6091388386433578, -3.1828986622514464]
nlb  [-6.688360166541167, -11.15785573207611, -3.4812568920375204, -2.368426634246169, -4.60497523357817, -2.716475322704975, -7.351116988650305, -5.591104761030948, -8.881211834430639, -9.11692991881319]  nub  [6.032400657221769, 5.337667311286405, 5.535845645897982, 6.243858860307738, 4.746405467201707, 7.418003467365393, 4.986775003930293, 8.53519807629564, 7.645840509739368, 4.706458112570004]
objbound  -0.5839423319947115
img 47 UNKNOWN
3592.929275751114 seconds
concrete  [-1.9975226161957416, -2.366137590832217, 1.5402916378879932, 2.5459466368327166, -0.4011520042082548, 2.8313741559904857, -0.09444385683172878, 0.2957788878107842, -1.6692645501901184, -0.6849498897071217]
nlb  [-5.2177755596616056, -6.207416978996068, -1.7293021569453548, -0.9407966348092089, -3.283699328756071, -1.2105242522802826, -4.521845779773178, -3.3379103467898203, -5.267175016153868, -4.8198424677354605]  nub  [2.6093881788450464, 4.01393723555915, 3.433942481487842, 4.2455793095083605, 1.9928627727523083, 4.933784003091324, 3.0329576116246395, 4.547246512207306, 3.6362053494284625, 4.358463524744966]
objbound  0.019451396656786434
img 48 UNSAT 5
1234.803050518036 seconds
concrete  [1.9719936940173728, 0.7035728718518481, -0.22084795221231637, -1.1274368479030674, -0.39001936144188465, -1.775002373444474, -2.129003230468314, -1.607036613511848, 3.976597283244516, 0.5971913696402761]
nlb  [-3.567841996491365, -6.352814964052811, -4.026719510575975, -4.510668615076991, -3.9151776454621516, -5.473006029175747, -6.299061262056096, -5.509911507272315, -4.008380087824092, -5.589056122130468]  nub  [6.449786270439765, 8.122045070083368, 4.626185268682511, 2.520788781760396, 3.4672596264780764, 2.780698538035322, 1.965676014106511, 3.8025696441222774, 9.335155741487634, 6.373687414738985]
objbound  0.02896448629382009
img 49 UNSAT 8
2706.1559104919434 seconds
concrete  [0.6836863097341417, 1.516030008472005, -1.4621430575429601, -1.0128787960046606, -1.0000802471334032, -1.2293287535096056, -3.209763937824142, 0.44413987419301504, 3.4063686387143974, 1.8639272526332016]
nlb  [-4.337343484791061, -6.789387636611055, -5.848097031853515, -6.128067665835274, -5.944694535976942, -7.08772884734938, -9.487201486733747, -7.5813660526732125, -7.2418084766341035, -5.671850196250214]  nub  [8.023488042808317, 10.623775613449828, 3.2949888719664506, 2.561398050320967, 4.042822596034751, 3.405870820628202, 1.266787803541363, 8.069338365330703, 13.33801094903504, 9.695431511736412]
objbound  0.028963829918336542
img 50 UNSAT 8
1079.7226750850677 seconds
concrete  [-1.4702618212877916, -1.850434652792915, 0.37919404331250517, 1.4454345891015175, 0.4545204747312626, 1.4690250834802878, 0.245983788837161, 0.15438710492405527, 0.562049090358948, -1.3899090354725168]
nlb  [-3.5337617585129975, -4.531832610361103, -1.1517146818816353, -0.44599232936452715, -1.3172993176677184, -0.5332510831301075, -2.407249443760206, -1.996895854857859, -2.662290174100315, -3.8877588331752313]  nub  [1.6361886833685366, 1.2030723039390756, 1.9017650316855066, 2.7986272707467683, 1.935607517389331, 3.0287988587056653, 2.0202746502886293, 2.1735133958316935, 3.7807493546495112, 1.1868351626090483]
objbound  0.0011725504755272333
img 51 UNSAT 5
73.73575615882874 seconds
concrete  [0.6778851656367276, 1.803314556127715, -1.073414613955504, -0.4123953720886737, -0.48779935058050106, -1.192123988842711, -2.02632785923583, -0.22815756493668216, -1.2506618487720562, 4.1896993884049225]
nlb  [-2.8130867343489556, -3.973652707132119, -3.764226432563341, -4.139924660148622, -3.687541946671728, -5.136078629981899, -7.059862718486322, -4.556177778027367, -6.442596327610933, -1.4838683359570646]  nub  [5.24901610695148, 6.85716604045776, 2.279944866435197, 2.2477837700744967, 3.2600018170080043, 1.9811478088895864, 2.0003242396344247, 6.1863960798580795, 5.239644221028927, 7.946277331557321]
objbound  0.015215729027177174
img 52 UNSAT 9
397.1687157154083 seconds
concrete  [-1.8482415096217697, -0.1645274143034017, -0.9337710171556152, 1.9392299992546462, -0.7962717484283124, 1.2697423486644814, 0.7516708254249935, 0.46466373644542697, -2.48942227736935, 1.8068760902391634]
nlb  [-5.6578294036090915, -7.228472380790481, -5.18269769380289, -3.3019892795099284, -5.342974409044307, -4.346874043808154, -6.751159076907986, -5.405020770764422, -7.596222657318298, -4.947631752265372]  nub  [3.2922188969569737, 9.677296405866485, 3.0599092407910473, 4.967766121449986, 3.1752431008437045, 5.1397483787851295, 5.811911859404973, 7.145109290961666, 5.398943518150737, 9.000611236649577]
objbound  0.01744941173393453
img 53 UNSAT 3
1112.859457731247 seconds
concrete  [1.678813712408317, 1.6806765919204418, -0.7986825445094818, -1.8729614320821417, -0.7146438288130267, -2.498778303591397, -2.473029981399199, -2.231849590593113, 6.243396160062225, 0.9870691361247907]
nlb  [-2.9914780428640797, -4.382637206396142, -4.567256288581754, -5.569201847167929, -4.509460954133188, -6.619406452958436, -6.568243220686103, -7.167462804780598, -2.280752494462886, -4.742730546536946]  nub  [6.647089662933184, 8.984870400129227, 3.085050734732562, 1.2720727017658089, 2.991070020551779, 0.8708328363622204, 0.9975262332349663, 3.3316066228705763, 13.408540371126008, 6.831842661887498]
objbound  0.10294046721380783
img 54 UNSAT 8
273.8806862831116 seconds
concrete  [1.2491869012372137, -2.9685182261307874, 3.17060095693511, 0.9254038779991677, 1.1359002505893208, 0.9213870962605903, -0.9293233653779712, -0.4321068614962714, -0.2897857850571501, -2.782608813874376]
nlb  [-3.2809722428657064, -9.551417462277417, -1.2877918776970123, -3.3848830690306535, -2.920128120302423, -4.117987374976494, -6.4407774624765874, -5.553804613843321, -6.503668324007968, -8.055363613247561]  nub  [7.039774660993113, 5.472672761950461, 6.7864244440312715, 3.933753156883861, 4.770555545166739, 4.7000707722429205, 3.3023804503871195, 5.247442010574898, 6.098738287953564, 3.301683169175652]
objbound  0.03953226625150119
img 55 UNSAT 2
652.4553401470184 seconds
concrete  [-0.6380923787524883, -2.4091969193098848, 1.6251366571141233, 0.27083223468082934, 3.646878521464556, 0.010462391953476412, 1.2000513271339364, 1.2412473858641255, -2.1972302439478, -2.7502087979160046]
nlb  [-5.281771716757937, -8.552815036179972, -2.2255827174533875, -3.7951013993490657, -0.7181931823797844, -4.124532295790541, -4.600684454541, -4.463074357271954, -8.719766859115433, -7.449010616040818]  nub  [4.329842788836728, 5.275731572592734, 5.117483017617925, 3.5804095339040827, 6.489483431786529, 3.6838022143284515, 5.92837881421602, 8.356806795986511, 3.6836748758138724, 2.734400642797658]
objbound  0.13410458751472407
img 56 UNSAT 4
2402.40615606308 seconds
concrete  [-2.5031183355096918, -2.6513364970862883, 1.4520319718789116, 2.223360089609448, 1.3369531110068253, 1.5648267380106424, 2.7166103588601684, 0.5366756970898942, -3.0230179596806113, -1.6530438449737195]
nlb  [-3.8566943750243654, -5.488562031071752, -0.7802636320243577, 0.34592320236820795, -0.6881540577159942, -0.4243437272165917, 0.04535127854229273, -1.5466608241258515, -4.898144986655777, -4.36026368827173]  nub  [0.01118697425076339, 1.1024481967649191, 3.4088790588286475, 3.397782289995625, 2.8901143241040614, 2.9910646026901633, 4.9877477942257435, 2.601859528362873, -0.8551586919575057, 1.2746133348220896]
objbound  0.00043551291334936715
img 57 UNSAT 6
1167.253168106079 seconds
concrete  [5.182345502669076, 3.179572748187095, -1.2075453788295751, -3.7287765373241593, -0.9456547818188275, -4.087263156454561, -2.2617227497568533, -0.8509048590465847, 4.059793011811992, 0.6600717445861152]
nlb  [-3.5582705164552513, -4.787144195225818, -5.2467145431933435, -8.279597633058687, -4.974554785785305, -9.25746433600746, -8.356889845244313, -7.884210642979823, -5.831349490238656, -6.092339646519386]  nub  [12.411340743286788, 11.776485607970065, 3.7347268517315286, 1.14221777419755, 3.9369411439181623, 1.3924544272857056, 4.0336349438401315, 6.80625442753256, 12.00812414433945, 7.023226448995037]
objbound  0.2581495816528691
img 58 UNSAT 0
1729.5127437114716 seconds
concrete  [2.5446823870026742, -0.6338244957047493, 0.6880326287621418, -0.27477168918242495, 0.2399619319986203, -0.8638437177332494, -2.332929569825215, -1.1801355556469775, 2.9179884392316637, -1.1051762537672216]
nlb  [-0.4278421421914284, -4.082057509620653, -1.8462722597683476, -2.412797076187324, -1.5971258276233087, -3.1226713882570407, -5.069197022426788, -3.4358108516853068, -1.9479979952753013, -3.6505989834303447]  nub  [5.2293005018693846, 3.2744386001463313, 3.0595114848440743, 1.5504438356467123, 2.3120382254959653, 1.0209768744311913, 0.36566478858420937, 2.5241879453069673, 5.834383615933209, 1.5250022692722582]
objbound  0.040009089040216196
img 59 UNSAT 8
45.97392702102661 seconds
concrete  [4.031024043740216, 1.2040147684947444, 1.2733267054903117, -0.3737490755388738, -0.34877265892232456, -1.3866950648132668, -1.760243799763247, -2.54066601804742, 1.643549318491796, -1.7418123677520259]
nlb  [-2.2741178661822987, -6.433788785536115, -3.533514591373575, -4.496729506779363, -3.931196838849792, -6.331205847086143, -7.44493052576029, -6.9864765391916395, -6.232943666190785, -6.414276407543002]  nub  [8.744859770082922, 9.246716220661343, 5.038783583040542, 3.268356402280487, 3.4195665713092045, 3.030311329273551, 3.088570421902032, 4.0742736360875496, 8.818834023008797, 3.93563674135013]
objbound  0.050604259988522214
img 60 UNSAT 0
645.0544447898865 seconds
concrete  [-2.0598233550845726, -2.56754762059254, 0.4741667549270018, 2.4401019286411345, 0.3606336626925829, 1.3493439084181813, 3.638588637945693, 1.3763885114784078, -3.1882692017373357, -1.8235755640537379]
nlb  [-3.284749953385068, -4.461548823269354, -0.726945399487267, 1.1075658578750338, -0.8453244562022213, -0.015135504874727071, 1.3832951667555684, -0.7408797487168947, -4.63991625096004, -3.5386563834330707]  nub  [-0.6581429548604548, -0.1415457168162112, 1.7529911535877305, 3.268084951587064, 1.4730217328191284, 2.305060889894513, 5.089824986798441, 3.594222193757885, -1.4489018628546437, 0.060539186309837636]
objbound  0.0072700322287733155
img 61 UNSAT 6
581.3813016414642 seconds
concrete  [-1.4725018961387215, -1.5159690458980593, 1.3429330690665238, 0.8837114089472355, 2.1735963076269926, 0.5156889533426684, 3.0653261046854077, 0.43354568110407615, -3.580314061918553, -1.8461019092038007]
nlb  [-2.9886666517392824, -3.2567473423277873, 0.08714407674610239, -0.1494136706184749, 0.9993250792717467, -0.7031053653010599, 1.3727851813346306, -1.032540824485454, -4.933300645762142, -3.2777690585254176]  nub  [0.17907387242162529, 0.60323756029701, 2.226416495811721, 1.6972921874035602, 2.921206805110786, 1.5319995001510727, 4.23137461687905, 1.9819167810358154, -1.792157658553351, 0.04510210304135478]
objbound  5.522649986983499e-06
img 62 UNSAT 6
264.8228249549866 seconds
concrete  [3.3240142413391314, -1.2946438260095947, 1.6851951451627694, -1.729147998680668, 1.716905710786658, -1.912195457374484, -1.6733938522378315, -0.3321261835092498, 1.1522117482059546, -0.9368932466122343]
nlb  [1.119882077921568, -3.1491153998737365, 0.352721627043169, -3.018280463886934, 0.5168738996107999, -3.291883884371579, -3.4519181821876077, -1.9076671787982602, -1.867241148702797, -2.784482147218075]  nub  [4.777318255290164, 1.1437846251483859, 3.047822436611889, -0.3690357845978955, 2.9763193448857725, -0.44958320175025457, 0.2520209189995137, 1.5773845000496909, 2.9535495722977876, 1.3446063261567887]
objbound  0.01998938847547463
img 63 UNSAT 0
48.694825410842896 seconds
concrete  [-1.6128214357490975, 0.3563598077517799, -0.3261671805071637, 0.6126082513091357, -0.16041392318030798, 0.20107628440561093, 1.6898523343693241, -0.364939169547826, -1.158680482997539, 0.7631474104388597]
nlb  [-3.0329921830551085, -2.411736657411341, -1.9952484230433873, -1.084922978771249, -1.877434474095647, -1.769909584557275, -0.7235942576314589, -2.10973021509384, -3.5075662192892674, -1.8871651161695113]  nub  [0.7674239393657311, 3.404066871034218, 1.1078820861125942, 1.7149749763111022, 1.2135023040595971, 1.775588242436813, 3.1385627702632792, 1.830594187494363, 2.015331169197679, 3.339539328633896]
objbound  0.00044398301297560866
img 64 UNSAT 6
1672.259755373001 seconds
concrete  [-1.254976562042706, -2.258366601273721, 1.8021107880878442, 0.8816285508082032, 2.1783752362841367, 0.31236468773634907, 2.9804504783408254, -0.38934350673500356, -2.011977853134858, -2.240337911040943]
nlb  [-2.7202270664721193, -3.902382415194966, 0.5279414651222144, -0.35111165520875876, 0.7673357466616523, -1.0790986872586499, 1.0933695878467622, -1.7841466135086537, -3.8013279618155598, -3.67990647696841]  nub  [0.3660397528153473, 0.3791772553094423, 2.595092362685512, 1.7639411587254565, 3.082869313737658, 1.4269941714456444, 4.220263966187215, 1.2530807588016846, -0.1191773142093722, -0.3349371929890245]
objbound  0.020794892966804816
img 65 UNSAT 6
47.083555459976196 seconds
concrete  [2.3018997295050045, -1.980677345448554, 1.644783837747153, 0.45039602970841336, 0.7473308162697512, -0.06751623765700984, 0.5546328810714038, -0.9867373578856626, -0.9355329404511192, -1.7286609121060132]
nlb  [0.059803256431946034, -4.437363129858205, 0.1353542899768204, -1.034029926338577, -0.6035836311984069, -1.7309649296284486, -1.6126148133570226, -2.7820632842625193, -3.2432874024122262, -3.8520257806712173]  nub  [3.921347618884009, 0.6843400794436976, 3.1533699613467374, 1.8466872617572763, 2.2267854097259634, 1.5944114031659034, 2.234116922838546, 1.3219227334469128, 1.8165960622896893, 0.15018920130482055]
objbound  0.018249092022406817
img 66 UNSAT 0
193.66635251045227 seconds
concrete  [1.7703275132113618, 1.49093213404538, -0.4680514530423237, -1.8022175605584014, -0.05686745241550168, -2.8961088545487605, -3.0577200759831458, -1.1830192278052178, 3.567504861552531, 2.6352480719197335]
nlb  [-3.188461615585975, -4.6387248432550905, -4.384462464756522, -5.100530249166962, -3.593958684701887, -6.4921339620318275, -7.566001913623605, -5.278809208430607, -4.744278965833316, -3.2437263158266845]  nub  [6.36115856599748, 8.799533344474357, 3.250079393751815, 1.5562457853378213, 3.4141915361342403, 0.6297491611945013, 1.3185596074285661, 5.075510033856245, 9.319443108615301, 7.717398868170056]
objbound  0.02265158677068657
img 67 UNSAT 8
310.64670038223267 seconds
concrete  [1.718448635847808, -1.2559204862775883, 0.16608171206678427, -0.737717538598904, 1.3470017878831624, -1.25742217335415, -3.3109537623040044, 4.629901245158065, -1.597126601774835, 0.29773675826831775]
nlb  [-3.1860838580987894, -7.728996380126362, -4.6890420980562695, -5.545419572147352, -3.445090749668873, -6.406881149505147, -9.460322256110954, -3.723128422862509, -9.217216295877371, -5.842157245312927]  nub  [8.106052677539424, 7.432024248665028, 4.856771746157907, 2.9675622208739396, 4.8058376869593715, 3.2330641748834843, 1.4026083617246208, 11.998579573746838, 6.7844908019304055, 6.800062717442204]
objbound  0.00873320084664562
img 68 UNSAT 7
2212.5930614471436 seconds
concrete  [-2.4354914511122474, -2.9728564742563326, 0.7036784064346672, 1.5584525669085199, 2.935317948720066, 2.4451862606524353, -1.9479091252254486, 5.117811097118006, -2.8082337009173273, -2.596148151177603]
nlb  [-5.731497724891082, -8.179099492753899, -3.3035889283928643, -2.654001038517689, -1.4228238657165817, -2.276002821756756, -6.411288346546138, -1.1565654201996487, -7.299310392134383, -6.867155642451337]  nub  [3.665809650680324, 4.04878659140033, 3.8881871617990953, 4.2951499982801336, 5.8895967514731185, 5.419020817933561, 1.632845171348113, 10.554317644636585, 3.0367675289380625, 2.9780532340769956]
objbound  0.003266936538202203
img 69 UNSAT 7
106.29443526268005 seconds
concrete  [-0.5939532226049519, -0.38320649918770977, -0.2552364384963634, -0.10728823051339827, 0.6201038626632519, -0.4180634566620953, -0.6101783392416128, 2.574742917473021, -0.7888717717726599, -0.03798367896573641]
nlb  [-2.800186556384089, -4.523621457906638, -2.748085685674592, -2.7481107959868245, -2.0925600046587887, -3.444899865712102, -4.397487330198772, -1.5725281973355523, -4.161356872173308, -3.6970220993167016]  nub  [2.3933309190320493, 3.7899434966805425, 2.169028327250202, 2.0652044272751597, 2.942199915486671, 2.290686041883479, 2.3930372645834175, 7.001074200508932, 2.8691618400926022, 3.3807183223161044]
objbound  0.000291144839357051
img 70 UNSAT 7
430.8928642272949 seconds
concrete  [2.839275406089795, -3.8091507841060124, 3.0502886753615504, 1.905885381617923, 0.021125748226298514, 1.3552286473004496, -0.2957888860877623, -0.178928619578566, -2.3540164352564, -2.533781806008803]
nlb  [-1.239481336734545, -9.024413605366847, -1.2878767829257012, -1.8355055686209087, -3.3383564684288145, -2.8039469646555326, -5.661848478146437, -4.266093077247525, -7.315674234613353, -7.492920763667981]  nub  [6.443107501151166, 3.6745402035058943, 5.901316512271622, 4.10571555911232, 3.2185587338524635, 4.196122976581281, 3.358787779532736, 5.097047098577102, 3.933196037023116, 3.829040490600843]
objbound  0.0751252314371027
img 71 UNSAT 2
154.32341480255127 seconds
concrete  [1.7968252000289715, 0.506246966846531, -0.10108081001416006, -2.0012231173304387, 0.725659916805362, -2.042020605596118, -2.4982244951536625, 3.8714940444288586, -0.8581427160234818, 0.6005523680123661]
nlb  [-3.6512534683272193, -6.124255159283299, -3.855919426565813, -6.286032223832727, -3.297522128602783, -6.77417370473001, -8.371020317695447, -3.7268114043613356, -7.858542938436281, -4.707937593327332]  nub  [6.715963791986416, 8.63851657005281, 3.7378896204111345, 1.7118813733191462, 4.424989766682294, 2.1989061694071994, 2.6831710874755106, 10.997471921746383, 5.979677630257869, 7.0965838991770305]
objbound  0.08211656930474433
img 72 UNSAT 7
91.16154074668884 seconds
concrete  [5.530196641178837, -1.5908656752332668, 1.6647587015357934, -1.1160962139918926, 0.3343362694714947, -1.2185095404487263, -1.8238371400496602, -2.813224605108959, 4.1504431873575225, -3.117202141898397]
nlb  [-1.6402088318777157, -7.977910366491214, -3.8665992571482333, -5.446389653282981, -4.147964331445934, -6.700914551491365, -6.8228755037224085, -7.508269927833109, -3.8928667255661025, -8.496395838935616]  nub  [10.16114671094095, 8.315846057287834, 5.136345743411474, 2.6157983988039484, 4.19103519770628, 3.029172142829433, 2.1041269831377165, 3.8947725528498194, 11.641186041251226, 4.906862787885001]
objbound  0.11141206844390084
img 73 UNSAT 0
197.70848774909973 seconds
concrete  [-1.2054126721278646, -3.14400915558188, 2.9716178455010582, 1.8991909360889412, 2.0227848539793243, 2.382639144272069, -0.36942104512434254, 1.5021580154623426, -3.308964535955284, -2.7506865854252585]
nlb  [-6.611291823915168, -9.939202491636362, -3.4706495849424783, -3.9749104496548893, -3.814284355456862, -4.127680933377445, -7.309715392534734, -5.0509225705537055, -9.051123612453898, -8.947626454591276]  nub  [6.37142472382851, 6.640163708450995, 7.741949125170902, 5.163275179234065, 6.434291807306137, 6.527828042856972, 4.379441042931478, 9.987583834479567, 5.168959715496614, 5.172479333352797]
objbound  0.0006711881159609905
img 74 UNSAT 2
696.8661913871765 seconds
concrete  [-1.8996914068809274, -1.435102332478825, 0.23121362939927284, 0.26960947768184973, 3.0900078105216764, 0.516288822695491, -0.9446662728852523, 5.53908573728709, -3.1096411071688523, -2.257248735604767]
nlb  [-7.25847094181655, -9.247323416180805, -5.166021552449954, -4.618672567094144, -2.8210957203894487, -5.004243093264099, -7.513363108644638, -2.8156722570893447, -10.071228826458867, -8.878457546758947]  nub  [5.567307537046305, 7.54424402285685, 4.843372804287805, 4.337060132016388, 7.122509234338448, 5.267431632401035, 4.535290639221503, 13.035384352296152, 4.681036863624313, 5.040609132526205]
objbound  0.12585329588228603
img 75 UNSAT 7
1836.5734083652496 seconds
concrete  [1.4191683237839054, -2.512767977322162, 1.7980979807113118, 1.5287172398727922, -0.33416148844838867, 2.6779180054781007, -2.015487161602399, -0.10093975061808927, -0.5616518782022777, -1.8989454498976188]
nlb  [-3.239350298453147, -7.541032535681263, -2.090965899488556, -1.96422760557046, -3.342505332380794, -2.001713889498418, -5.967553441259453, -3.516526263064112, -4.452438876890558, -6.111267149471962]  nub  [5.886748392650892, 3.7198480955307454, 4.818110265471201, 3.949993728111894, 2.4094026951940286, 5.786238475726384, 1.1115181066769728, 3.4105084855635086, 6.523494261855674, 2.3816515908017037]
objbound  0.0040259913794122165
img 76 UNSAT 5
797.3529102802277 seconds
concrete  [-3.208188023455192, -1.694095587351719, -0.5587019403400582, 3.1937381649552234, -0.8811446391097014, 4.062702740146934, -1.6417667221199668, 1.756794655004812, -0.31835073378533363, -0.7111950536314171]
nlb  [-6.815670944037764, -7.0765636720150855, -3.949529778236771, -0.5885970367996747, -4.6436802135761575, -0.0978737803690371, -7.426675742613362, -2.375947064891887, -5.702443782843835, -5.211586538047771]  nub  [2.468865337320869, 4.695764683446007, 2.2003965026816874, 5.197684555064171, 2.2239194518050667, 6.854526545718833, 2.7626940558567057, 6.761512602021638, 6.009245290818585, 4.084512055291497]
objbound  0.000524311627709384
img 77 UNSAT 5
366.1960914134979 seconds
concrete  [-1.6541297974197309, -1.2131363788968363, 0.4000141409205646, 0.8087091734495603, 0.5578557742475596, 1.165331203864404, 1.489544717840866, 1.1597070227387727, -2.2934490204907343, -0.4205391494853054]
nlb  [-2.8600173050322906, -2.90462474036573, -0.5401055015977524, -0.2608803978145942, -0.5906229432019338, -0.07583067844694778, -0.12212975337753389, -0.25678826137684857, -3.743822623911913, -1.8928755833417796]  nub  [-0.07632426574784976, 0.7904202798986957, 1.2486016806177969, 1.630422551900147, 1.5582460210433766, 2.214144901860553, 2.6293144619498485, 2.605850524375525, -0.6083948313806413, 0.9964991045594116]
objbound  0.0001713409636082969
img 78 UNSAT 6
149.1111192703247 seconds
concrete  [-0.022482379837108164, 4.64848303404671, -0.8636435448459557, -1.2697255331692339, -1.7289785301698013, -0.7169989492838343, -2.34411677731077, -0.22244875838724087, -0.1348658370252879, 2.6547728397275794]
nlb  [-2.606813225810068, 0.5026175587504946, -2.9174507844137714, -3.095062717019602, -3.751761735683377, -2.9254602094670163, -4.756557104140522, -2.925004876936761, -3.494256353590701, -0.46218988834141533]  nub  [2.880761354588276, 8.159254666807717, 1.0396533553436746, 0.7104304815502067, 0.44891910966372767, 1.6768412519906548, -0.2500891472095272, 3.0489168392224224, 2.499256122155145, 5.948933668931347]
objbound  0.0021901406071006065
img 79 UNSAT 1
382.6412124633789 seconds
concrete  [2.6205257532492547, 1.514427967328086, -0.4766035592484362, -2.0196169493069687, -0.2076520868175818, -2.31448465482329, -3.4121498941604758, -1.5100866351741793, 5.091570610550755, 0.7141007050718807]
nlb  [-1.5837519134325584, -3.6065299771132215, -4.581010651695033, -5.063115826191648, -3.5965383548443213, -5.687536027648462, -6.789420023786782, -5.272466753463775, -1.1805058096424283, -3.547203303073793]  nub  [6.268161055219692, 7.332133491636762, 3.064514079080566, 0.9310927051753612, 2.673937095029954, 0.7207804404257931, -0.32178862363161864, 3.4200565996186314, 11.164399528308566, 5.599331335915872]
objbound  0.05292484115991128
img 80 UNSAT 8
312.0975182056427 seconds
concrete  [0.11868595242460124, -0.9515559278721859, 0.9033126916392111, -0.23810517636682008, 1.418278418051853, -0.5836546288137602, -3.2928805751825494, 2.134679791009767, -1.3301118392410862, 1.8214134561776145]
nlb  [-1.945726918559875, -3.8594014029161055, -1.3315851117844402, -2.3644416378356206, -0.9631564964681497, -2.8132076431077917, -6.021859377763774, -0.9742786830608879, -4.345554858743946, -1.168997897976438]  nub  [2.834963748232812, 3.0581562557671846, 2.6717796767389217, 1.2611692630900226, 3.0037455033191764, 1.0661159333792842, -0.4964944339689212, 5.023333275472447, 2.979430238339195, 4.851806436352997]
objbound  0.0007498588979199376
img 81 UNSAT 7
476.9168703556061 seconds
concrete  [2.484942013422332, -4.068431232225797, 2.49670480722898, -0.12491280588461837, 2.910979501006051, -0.016612059006235, -2.9200292178616896, 3.701547839784551, -1.841726533638489, -2.6223331771715737]
nlb  [-1.6769710897012011, -9.073389198244241, -2.2391500082787847, -3.3872620720049675, -1.4804410103001049, -3.888481725425036, -7.5525373020589734, -1.9937017457935078, -7.606187319828013, -8.382477909494968]  nub  [6.750053805077163, 3.9610318702737843, 6.389206707993705, 2.6306916769355815, 6.141938961656276, 2.880926716976852, 1.2887584617795536, 9.335048104842713, 3.875876259245128, 4.306749116507009]
objbound  0.00794426119753375
img 82 UNSAT 7
377.28683519363403 seconds
concrete  [1.8607699990775444, 1.502578038229581, -1.0736318897481443, -1.5802838925604454, -0.5938367647396081, -2.648564732647624, -1.8158447820414731, -2.6307407051695573, 6.072517043374164, 0.9071186872938417]
nlb  [-2.3192660110682395, -4.286947618907734, -3.827842527995373, -4.952686538123725, -3.6038969045553495, -6.050878181550253, -6.531604555171112, -6.417138106912925, -1.9608324671545676, -4.071331630464147]  nub  [6.431346384925432, 7.551184766171993, 2.78412440995259, 1.4086329742143713, 2.895747651099704, 0.6819950380118849, 1.9190116804505895, 3.479301390521402, 10.392390245511297, 5.921991737851224]
objbound  0.07622925065282651
img 83 UNSAT 8
759.5326726436615 seconds
concrete  [-1.03272265217206, 2.6870230259089314, -1.6770247992585883, -0.11304112172569691, -1.6062079832586695, -0.6512653438012577, -3.160775222282973, 1.5864280481140889, -1.57066085896292, 5.538216012023791]
nlb  [-4.61782446269739, -7.272846636092371, -5.832111755297546, -4.828395887520432, -6.106615117990466, -6.0308872398162405, -9.299698620662841, -5.5338334970461505, -7.576491837624614, -2.830349783904683]  nub  [5.931924085381487, 13.521683245081359, 3.1911554263134985, 3.338175290610967, 2.7139887471044903, 3.4913513141542327, 3.2828357070593803, 7.220530984461686, 6.367400322595292, 12.145183195540495]
objbound  0.04643254238010352
img 84 UNSAT 9
697.3790330886841 seconds
concrete  [0.008707820907685581, 1.9070003509427778, -0.639735894654259, -0.4798233137348376, -1.6075661315424126, 0.3055875454889665, -2.5602070845020757, 0.159225746212037, 0.14555760292658476, 2.7611547612712153]
nlb  [-4.157092953839454, -4.809654045854754, -4.049559819044846, -4.5703766795832115, -4.875645050929488, -4.3846538067748675, -7.207073251797557, -4.713681154093248, -5.612942386941076, -3.527313648976662]  nub  [6.2946114467239385, 8.48322191007291, 3.177214195621341, 2.3811364681324356, 1.9683963068907144, 4.035207019250511, 1.466725906391186, 5.218703619444022, 6.871990076083943, 7.95107622902747]
objbound  0.11455011146033622
img 85 UNSAT 9
637.9535984992981 seconds
concrete  [-2.425129154392463, -2.9983262013263925, 1.2905434095261379, 2.299658201671668, 1.187392303548863, 3.2993216658745554, 1.555294822940007, 0.9711351147256945, -3.0164233363122483, -2.1635541769313664]
nlb  [-5.33968476965425, -8.111691870556653, -3.2638024644300896, -1.7657249981991623, -3.1687206434738506, -1.3428117144544667, -3.69494693709335, -3.7047190458756925, -7.634323960088847, -7.282115703287847]  nub  [1.868478677409994, 5.080570690352752, 4.378577665957087, 4.543863231458389, 4.0176441836183265, 5.699728632409824, 5.508185839996411, 6.492985978909346, 3.7336647160059817, 4.212746377809018]
objbound  0.004246035140053506
img 86 UNSAT 5
1888.6930558681488 seconds
concrete  [-2.317659646237553, 0.27962809271936434, 0.2760451779250606, 1.2779320003733505, -0.579312404472815, 2.088173825308031, -1.577671038215941, 1.508975303656627, -2.195632352302659, 1.2394172166594932]
nlb  [-5.173001603754376, -5.622351290115812, -3.0322419167836365, -1.9152067816040745, -3.631119431382666, -1.8310058976384855, -6.379600248433495, -3.2777360239593394, -6.387629477808297, -4.3813640451150455]  nub  [2.7034083566966265, 5.386028738450544, 3.6866243103692464, 3.553994424162405, 2.735679503506221, 5.0729378870211415, 1.9567880548593133, 7.923041803937139, 1.994484791890993, 5.944004400878927]
objbound  0.00800273166947818
img 87 UNSAT 5
741.776526927948 seconds
concrete  [1.6913395196350447, -3.6218958109174504, 2.4264226559612165, 2.563365272982934, 0.6697873754906051, 1.9801315893293876, 1.2295983369403445, -0.5435194197156222, -3.7636808777738193, -2.63149434767802]
nlb  [-0.5938275672978732, -6.867682955385504, 0.6438908602915404, 0.8647144415622751, -0.8498663698929294, -0.08278990023586685, -1.3694283994756888, -2.7402849670148934, -5.9847156899632, -5.335048553790631]  nub  [3.9183342383040345, 0.20698974386769986, 3.9480221827655737, 3.8421147802852835, 2.395116585488356, 3.5784279808097432, 3.2688523796238322, 2.3218672031013305, -1.7327849400635322, 0.08658041624659531]
objbound  0.027569314144637116
img 88 UNSAT 3
31.030590534210205 seconds
concrete  [0.056738431481757244, -1.7351518627091247, 0.691799646807064, 2.386130685254887, -0.34368989194524563, 3.3872013309954947, -1.411691667891852, 0.35308447573991125, -1.2607215512161092, -2.1238173338816932]
nlb  [-3.9184460640992063, -6.066062606875701, -2.2020542001061076, -0.9106615748706085, -3.1432772712675097, -0.7114440883634724, -4.867764083519284, -3.070145845397311, -4.749988311885943, -5.887132059001014]  nub  [4.664549670847479, 3.515720117180455, 3.896925447510861, 4.670636854692822, 2.45901742168612, 6.050729148991085, 1.682749533485908, 2.9020088995554514, 4.136538122781807, 1.9191999196013814]
objbound  0.006224199353723887
img 89 UNSAT 5
281.70427441596985 seconds
concrete  [-0.21888184349390788, 2.3342606409265794, -0.13163220603489129, -0.845510198156847, -0.8786921595052083, -0.8478409092135162, -0.23608993227532757, -0.3945175629874881, 0.035243347111256165, 1.1836086012875668]
nlb  [-2.2751877492211, -0.33364735806876045, -1.669309533549534, -2.4296729887206294, -2.3082072107227356, -2.6669782192473033, -2.5760777877130763, -2.315425126827356, -2.4518563959904687, -0.834814662776047]  nub  [2.276279947241872, 5.272935560525012, 1.0427081310336912, 0.6088602265040056, 0.40444350437542076, 0.8817483334351227, 1.2940003739111308, 2.1416762328543464, 2.235632649904574, 3.4852011376244327]
objbound  0.017201121479027394
img 90 UNSAT 1
53.75472450256348 seconds
concrete  [0.8017296181007905, -3.9641581890048565, 3.1544455546208883, 1.5223597366848183, 2.3417925638596566, 1.767943710501712, 0.46242986961662186, 0.8417021690027546, -2.1937638659878047, -4.734415521222419]
nlb  [-4.625964568958142, -9.828104410226956, -2.2463655711575, -3.7403662977912187, -3.0279582775740406, -3.951850120312305, -6.024587385868159, -5.305144693788179, -8.842376335039955, -10.190241060249157]  nub  [7.81654422811722, 5.041041259585163, 7.220083584945841, 5.000803800283497, 6.771814428790612, 5.698492875883648, 5.443974262330203, 6.182165265710793, 5.992244032862558, 2.9547137699610966]
objbound  0.014173967977992004
img 91 UNSAT 2
944.9497671127319 seconds
concrete  [2.923956223247172, -1.1158223046528721, 1.6213987362107039, 0.6147226152048509, 0.3719364805266982, 0.7907957483497721, -2.0633446725038422, 0.11237001714117804, -1.1828800006864264, -2.073243341909008]
nlb  [-2.5709079063058295, -8.114287990083728, -3.3936340585142237, -4.557049400139302, -4.135256797222329, -5.077302473263187, -8.420308751158274, -6.40755894246502, -6.87702426788778, -8.309357671108378]  nub  [8.487337160510295, 7.255069103062535, 5.385194342244364, 3.85715973065859, 4.921677592311714, 4.5334767918408225, 3.168602390479048, 8.640031139965457, 7.235240889020469, 4.632734445830917]
objbound  0.013348444560839353
img 92 UNSAT 0
586.0018827915192 seconds
concrete  [2.7769595963857694, 0.4624245482552283, 0.29933198911479153, -1.9552807417003948, 0.31177133567989895, -2.2271023045403173, -2.2840112208739036, -1.4656454078506476, 3.7165106433469486, 0.3650787031586589]
nlb  [-0.2773953223925608, -2.5600526800761334, -1.4750528671136238, -3.573483887046546, -1.2944009394614304, -3.8871092812078523, -4.58058216960226, -3.322639801703735, -0.22890229910536494, -2.0322574574718875]  nub  [4.927713866338066, 3.563747393852209, 2.0516077560647457, -0.23698392751834627, 1.859662540694324, -0.46476845954635415, -0.22067593390007914, 1.451179204246666, 6.566379231189904, 3.268291549842415]
objbound  0.03850014543511677
img 93 UNSAT 8
55.04900336265564 seconds
concrete  [-2.3845792409146713, -0.17217032165426382, -0.5383505714995803, 2.437467057204546, -1.1540348769445274, 0.7013406437895593, 4.132253405682034, -0.8847164069301384, -2.170626600076163, 0.03346014286806581]
nlb  [-4.50150548408852, -3.7936533995999113, -2.664299904586773, 0.2663919720922763, -3.232610663083985, -1.63835142426847, 0.9864916744516364, -3.8357653269790117, -5.045279279958514, -2.9627049554272302]  nub  [-0.20210093293634454, 4.208705808269907, 1.2348953658176909, 3.8979022837468045, 0.7980757601536244, 2.507247906587783, 6.30205904469929, 2.534677458806627, 1.2614948495632046, 3.6036917877162478]
objbound  0.00797501088446598
img 94 UNSAT 6
231.8855481147766 seconds
concrete  [-1.2581588090267024, -3.28944377037912, 0.2855884579863537, 2.7387340453763636, -0.20458751022119775, 1.5928399037063234, 3.3762836701308787, 1.1650901590672735, -3.848227238566949, -0.558147954567156]
nlb  [-4.152591449139776, -7.7879857879758205, -2.5742640279675006, -0.5551159358591724, -2.952649120341915, -1.9151072738989594, -1.4404123189635234, -2.252304461920765, -7.084318041036308, -4.7936712920397655]  nub  [1.8727055960976666, 3.705019510646432, 2.560712294061124, 4.771624207079332, 2.029592640324315, 4.039685498840603, 5.687120993475048, 6.186114025929843, 1.0886653072085122, 4.361259429036452]
objbound  0.02597502093811902
img 95 UNSAT 6
189.81688785552979 seconds
concrete  [-2.1011652423645315, -1.6661861311620183, 0.26376580207849804, 2.539932537047725, -1.1139630346920806, 4.072478315926504, -1.2591373739083684, 0.9782474615450847, -0.7029830081190424, -1.01118346225012]
nlb  [-7.206339144899665, -9.584109905613031, -4.966663654720245, -3.3671590357161985, -6.232155014999665, -2.9047413037422047, -7.8240417541964735, -5.15234893023871, -8.296993021331826, -8.327656218471663]  nub  [5.69008890681721, 8.578258789991242, 4.734276303093974, 5.621936559698848, 3.2091528788711106, 7.9777644616061325, 4.323750316505679, 7.952145670346877, 8.497008244780668, 7.209911156289008]
objbound  0.06778248809184001
img 96 UNSAT 5
715.3647501468658 seconds
concrete  [-1.6071575869214205, -2.556743888537912, 1.5231190556517005, 1.0758093125780315, 2.3615885073088854, 0.8399672412580109, 2.1895683650414264, 0.9676161156159243, -3.122145054819118, -1.671735544462777]
nlb  [-4.565448637138742, -6.174186545074188, -1.5567903378723487, -1.9581885255652642, -0.8300210914364563, -2.3863696613691507, -2.167693502709569, -2.856610525160781, -6.295610483164534, -5.175252679630282]  nub  [2.261113202923234, 3.6098612647875443, 3.440935936045946, 2.8023629661428, 4.150806540473482, 2.9433535093266094, 4.901060581008169, 5.535154069724735, 1.4038784462070255, 2.939503380267825]
objbound  0.0367395722991236
img 97 UNSAT 4
854.6233332157135 seconds
concrete  [0.8994696009153675, 0.7052056745575829, -0.04569856640831184, -1.146904918479101, 0.13058268462674136, -1.8824031234229854, -2.594851021700508, -0.21161902771697402, 1.4615616191705492, 2.684713747525849]
nlb  [-4.023772609837007, -4.801491704256193, -3.7730170490111905, -5.483041585445953, -3.623457417343191, -6.470493280652656, -8.226351145704614, -5.445399557159829, -5.886586645786198, -2.916512823205626]  nub  [6.503542607134029, 8.472135596999697, 3.2372923247646965, 2.1084470199835312, 3.1868133588356913, 1.73699341915538, 2.333500136791879, 5.874513899172275, 9.4939682138974, 8.09840600864094]
objbound  0.019320933405458207
img 98 UNSAT 9
245.589017868042 seconds
concrete  [-1.1389916485624443, -2.8534683789886195, 2.919543004205985, 1.5903281851527842, 2.325683043360816, 2.0147303136465426, 0.6831094357155936, 1.27421805296522, -3.5919626664250797, -3.223262233225011]
nlb  [-4.745661326540168, -7.783553262960547, -1.6771462443406042, -2.6681979852798188, -2.1525988540589243, -2.5610444217491906, -4.619812484515549, -3.545363396426816, -7.804856482848614, -7.340895274496584]  nub  [4.828778826141184, 4.341805984412208, 6.073131272721898, 3.962298081177298, 5.6765294654378415, 4.752719474688194, 3.9692989018639464, 7.6133688631549, 2.5290549372034645, 2.733486642946672]
objbound  0.11969387877970565
img 99 UNSAT 2
1087.2743215560913 seconds
analysis precision  95 /  100
